   2   50  151
  23   37  151
  19   38  151
  21   38  151
  21   38  151
  24   36  151
   6   44  151
   4   51  151
   4   51  151
  19   38  151
   3   50  151
  11   36  151
  11   36  151
  19   38  151
  15   46  151
  15   46  151
   2   50  151
  11   34  151
   3   46  151
   6   51  151
   6   51  151
  14   50  151
   2   50  151
  11   36  151
  20   41  151
  15   45  152
  19   38  152
  19   38  152
  20   40  152
  15   46  152
  15   45  152
   6   51  152
   6   51  152
  14   50  152
   2   50  152
  21   38  152
  21   38  152
  24   36  152
   9   34  152
   4   51  152
   4   51  152
   3   46  152
   2   50  152
  19   38  152
  15   46  152
  23   37  152
  15   40  152
  11   36  152
  11   36  152
  11   34  152
  11   36  152
  11   36  152
  19   38  153
  19   38  153
  23   37  153
  11   36  153
  11   36  153
  11   36  153
  15   45  153
  15   45  153
   3   46  153
  19   38  153
  11   34  153
   2   50  153
  15   46  153
   4   51  153
   6   51  153
   6   51  153
  14   50  153
  21   38  153
  24   36  153
   4   51  153
   2   50  153
  21   38  153
  14   50  154
  11   34  154
  15   38  154
  15   46  154
  15   45  154
  15   45  154
   3   46  154
  11   36  154
  11   36  154
  11   36  154
  11   36  154
   4   52  154
   4   51  154
   4   51  154
   4   50  154
   3   50  154
   2   50  154
   2   50  154
  19   38  154
   6   51  154
   6   51  154
  11   34  154
  14   50  154
   2   50  154
  21   38  154
  21   38  154
  24   36  154
   9   34  154
  20   40  154
  19   38  154
  19   38  154
   2   51  154
  23   37  154
  19   38  155
  23   37  155
  11   36  155
  11   36  155
  11   34  155
  11   36  155
  15   46  155
  15   45  155
  15   45  155
  19   38  155
   3   46  155
   4   51  155
  15   51  155
   4   51  155
   3   50  155
   2   50  155
   2   50  155
  14   40  155
  24   36  155
  21   38  155
  21   38  155
  20   41  155
  14   50  155
   2   51  155
   6   51  155
   2   50  155
   6   51  155
   4   50  156
   4   51  156
  15   45  156
  20   40  156
  24   36  156
  19   45  156
  15   46  156
  11   36  156
  11   34  156
  11   36  156
  11   36  156
  11   36  156
  23   37  156
   3   46  156
  19   38  156
  19   38  156
   3   50  156
   2   50  156
   4   53  156
   2   50  156
  15   46  156
  19   38  156
   6   51  156
  20   41  156
   6   51  156
   2   51  156
  14   50  156
   2   50  156
  21   38  156
  21   38  156
   6   51  157
  19   38  157
   2   50  157
  23   37  157
   6   51  157
   3   50  157
   4   51  157
  11   36  157
  19   38  157
  17   43  157
   2   50  157
  14   50  157
   4   51  157
  20   41  157
  21   38  157
  21   38  157
  24   36  157
  14   50  157
  20   40  157
   3   46  157
   4   53  157
  11   36  157
  15   45  157
  15   46  157
  11   34  157
  11   36  157
  15   45  157
  15   46  158
   4   51  158
  24   36  158
   6   44  158
  21   38  158
  21   38  158
  14   50  158
   2   50  158
   4   51  158
   2   51  158
   6   51  158
  23   37  158
   2   50  158
   2   50  158
  19   38  158
   4   50  158
  11   36  158
   3   46  158
  15   45  158
  15   45  158
  19   38  158
   3   50  158
  21   38  159
   4   51  159
  11   36  159
  11   36  159
  11   34  159
  15   46  159
  15   45  159
  15   45  159
   3   46  159
  11   36  159
  11   34  159
   4   51  159
   2   50  159
   3   50  159
  19   38  159
  19   38  159
  21   38  159
  24   36  159
   2   50  159
   9   34  159
   8   53  159
  23   37  159
  14   50  159
   6   51  159
   6   51  159
  23   37  160
  11   36  160
   2   50  160
  15   45  160
  15   45  160
  19   38  160
  19   38  160
  19   38  160
   2   50  160
  11   34  160
  15   46  160
   3   46  160
  11   36  160
   4   52  160
   4   51  160
   6   51  160
   6   51  160
  14   50  160
   2   50  160
  21   38  160
  24   36  160
  20   40  160
  20   41  160
  19   38  161
  15   38  161
  19   38  161
  11   37  161
  23   37  161
   2   50  161
   2   50  161
   3   50  161
   4   51  161
   4   53  161
  19   38  161
   4   51  161
  11   34  161
  15   45  161
  15   46  161
  11   36  161
  11   36  161
  11   34  161
  11   36  161
  15   46  161
   3   46  161
   2   50  161
  21   38  161
  24   36  161
   6   34  161
  20   40  161
   1   37  161
   6   51  161
   6   51  161
  17   43  161
  14   50  161
  11   36  162
  11   34  162
   4   51  162
   2   50  162
  19   38  162
  19   38  162
  11   36  162
  23   37  162
  11   36  162
   3   46  162
  15   45  162
  15   45  162
   4   51  162
  20   40  162
  24   36  162
  11   36  162
  15   46  162
  14   50  162
  21   38  162
  21   38  162
   2   50  162
   6   51  162
   6   51  162
   9   34  162
  15   46  163
  14   50  163
   2   50  163
  21   38  163
  21   38  163
   6   51  163
  24   36  163
   4   51  163
  19   38  163
  23   37  163
  19   38  163
   2   50  163
   4   50  163
  15   51  163
  11   34  163
  11   36  163
  15   45  163
  15   45  163
   3   46  163
  11   36  163
   6   51  163
  11   36  164
  23   37  164
  19   38  164
  15   45  164
  15   38  164
  11   36  164
   2   50  164
   2   50  164
  21   38  164
  21   38  164
  24   36  164
   9   34  164
   4   51  164
  11   34  164
  11   36  164
   2   50  164
   3   50  164
   6   51  164
   6   51  164
  14   50  164
  14   50  164
   3   46  164
  15   46  164
  15   45  164
   3   50  165
  23   37  165
  11   36  165
   2   50  165
  15   51  165
   4   51  165
   2   50  165
  19   38  165
  19   38  165
  19   38  165
  15   45  165
  15   45  165
  15   46  165
  11   34  165
  11   36  165
   4   51  165
  11   36  165
   6   51  165
   6   51  165
  14   50  165
   2   50  165
  21   38  165
  21   38  165
  24   36  165
  11   36  165
  20   40  165
  11   36  166
  23   37  166
  19   38  166
  19   38  166
   2   50  166
  11   36  166
   3   50  166
   2   50  166
  19   38  166
   4   52  166
  11   36  166
  15   46  166
  15   45  166
  15   46  166
  21   38  166
   6   51  166
   6   51  166
  14   50  166
   2   50  166
  21   38  166
  24   36  166
   4   51  166
  20   40  166
   4   51  166
   9   34  166
  20   41  167
   2   50  167
   2   51  167
   6   51  167
   6   51  167
  23   37  167
  21   38  167
   2   50  167
  15   40  167
  15   38  167
  19   38  167
  19   41  167
   3   50  167
  15   45  167
  15   46  167
   3   46  167
   4   51  167
  15   45  167
  20   40  167
  11   36  167
  11   36  167
  11   34  167
  11   36  167
  11   36  167
  24   36  167
  21   38  167
   9   34  167
  15   46  168
  11   36  168
  20   41  168
   2   50  168
  14   50  168
  14   50  168
   2   51  168
   6   51  168
   6   51  168
  11   34  168
  11   51  168
  11   36  168
   4   51  168
   3   50  168
   2   50  168
  19   38  168
  23   37  168
  19   38  168
  15   38  168
  19   38  168
  19   41  168
   4   51  168
   3   46  168
  15   45  168
  11   36  168
  14   40  168
  24   36  168
   6   44  168
  21   38  168
  21   38  168
   4   51  169
  11   34  169
  23   37  169
  15   45  169
  15   45  169
  15   46  169
   2   50  169
   3   46  169
   4   51  169
  24   36  169
  19   38  169
  11   36  169
  11   36  169
  11   34  169
  11   36  169
  19   38  169
  21   38  169
  20   40  169
  19   38  169
   6   51  169
   6   51  169
  14   50  169
   2   50  169
  20   41  169
  11   36  169
  21   38  169
   3   46  170
  15   45  170
  15   45  170
  11   36  170
  15   38  170
  15   40  170
  11   36  170
  15   46  170
  19   38  170
  11   34  170
   4   51  170
   2   50  170
   2   50  170
  19   38  170
  11   36  170
   4   51  170
   6   51  170
   6   51  170
  14   50  170
   2   50  170
  21   38  170
  21   38  170
  24   36  170
  20   40  170
   4   51  171
   8   53  171
  20   40  171
  24   36  171
  21   38  171
   2   50  171
  21   38  171
  20   41  171
  14   50  171
   2   51  171
   4   51  171
   3   46  171
  15   46  171
   2   50  171
  15   46  171
  15   45  171
  15   45  171
  19   41  171
  19   38  171
  11   36  171
   6   51  171
  15   45  171
  11   36  171
  15   38  171
  11   36  171
  11   34  171
   3   50  171
   6   51  171
  11   36  171
   6   51  172
   6   51  172
  19   38  172
  15   45  172
  24   36  172
  21   38  172
  21   38  172
   2   50  172
   4   51  172
   4   51  172
   4   50  172
   3   46  172
   3   50  172
  15   46  172
  15   45  172
   2   51  172
  20   40  172
  23   37  172
  19   38  172
  19   38  172
  11   34  172
  11   34  172
  11   36  172
  11   36  172
  11   36  172
  21   38  173
   6   51  173
   6   51  173
   2   51  173
   1   51  173
  14   50  173
   2   50  173
  20   41  173
  21   38  173
   4   50  173
   4   51  173
  20   40  173
  14   40  173
   3   46  173
   3   50  173
  15   46  173
  15   45  173
  15   45  173
  19   38  173
  19   38  173
  19   38  173
  23   37  173
  11   36  173
  11   36  173
  11   36  173
  11   36  173
  11   34  173
   9   34  173
  24   36  173
   4   51  174
  11   36  174
   3   46  174
  15   46  174
  15   45  174
  15   46  174
  15   45  174
  15   51  174
  19   38  174
  19   38  174
  23   37  174
  11   36  174
  11   37  174
  11   36  174
  11   36  174
   4   51  174
  24   36  174
  14   40  174
   6   51  174
  23   37  174
  14   50  174
   6   51  174
  21   38  174
  21   38  174
   9   34  174
  20   41  174
  21   38  175
   6   51  175
   6   51  175
  23   43  175
  23   37  175
  14   50  175
  14   50  175
  21   38  175
   4   51  175
  14   34  175
  24   36  175
  20   40  175
   4   52  175
   4   51  175
   3   46  175
  15   45  175
  15   46  175
  15   46  175
  19   38  175
  11   36  175
  11   36  175
  11   34  175
  11   36  175
  11   36  175
  19   38  175
  15   38  175
  11   36  175
  15   46  176
  24   36  176
  15   45  176
   6   51  176
   6   51  176
  23   43  176
  14   50  176
  20   41  176
  21   38  176
  20   40  176
   4   51  176
   4   51  176
  15   45  176
  19   38  176
  19   38  176
  11   36  176
  11   36  176
  19   38  176
  23   37  176
  11   36  177
  19   38  177
  11   36  177
  11   36  177
  19   38  177
  15   46  177
  11   36  177
  15   45  177
  11   37  177
  23   37  177
  19   41  177
   3   46  177
   6   51  177
  23   43  177
  14   50  177
  14   50  177
  20   41  177
  21   38  177
  23   37  177
  24   36  177
   9   34  177
  14   34  177
  20   40  177
  21   38  177
   3   46  178
   4   51  178
   4   51  178
  20   40  178
  24   36  178
   9   34  178
  20   41  178
  21   38  178
  21   38  178
  23   43  178
   6   51  178
  15   45  178
  14   50  178
  15   45  178
  19   38  178
  23   37  178
  11   36  178
  19   38  178
  11   34  178
  11   36  178
  11   36  178
  11   36  178
  11   36  178
  15   46  178
  19   38  178
  21   38  179
  21   38  179
  11   37  179
  19   38  179
  11   36  179
  11   36  179
   3   46  179
  15   45  179
  11   36  179
  11   36  179
  23   37  179
  19   38  179
   4   51  179
   4   51  179
  24   36  179
   6   44  179
   4   44  179
   9   34  179
  23   37  179
   2   51  179
   6   51  179
  17   43  179
   4   51  180
  21   38  180
  14   50  180
  17   43  180
  23   37  180
   6   51  180
   6   51  180
  11   37  180
  15   46  180
  23   37  180
   3   46  180
  11   36  180
  11   36  180
  11   36  180
  11   36  180
  19   38  180
   9   34  180
  15   46  180
  15   45  180
  15   45  180
  19   38  180
  24   36  180
   4   44  180
  21   38  180
  19   38  181
  21   38  181
  11   36  181
  11   37  181
  11   36  181
  11   36  181
  23   37  181
  19   38  181
  19   41  181
  15   45  181
  15   46  181
  15   45  181
   3   46  181
   4   51  181
  14   40  181
  24   36  181
  14   50  181
   9   34  181
  21   38  181
  17   43  181
  23   37  181
   2   51  181
  15   45  181
  15   38  181
  11   36  181
  11   36  182
  21   38  182
  21   38  182
  24   36  182
   9   34  182
  19   38  182
  11   36  182
  15   45  182
  19   41  182
  20   41  182
  15   45  182
  15   46  182
  15   46  182
   4   53  182
  14   50  182
  11   36  182
  17   43  182
  11   41  182
  11   34  182
  23   37  182
  19   38  182
  11   36  182
  15   45  183
  19   38  183
  19   38  183
  19   41  183
  15   45  183
  15   46  183
  15   46  183
   2   51  183
  20   41  183
  24   36  183
  21   38  183
  21   38  183
  23   37  183
   3   46  183
  15   38  183
  11   37  183
  11   36  183
  11   36  183
  11   36  183
  23   37  183
   4   53  184
  14   40  184
  24   36  184
  21   38  184
  21   38  184
  14   50  184
   1   53  184
  17   43  184
   6   51  184
   3   46  184
   2   50  184
  15   45  184
   2   50  184
  19   41  184
  15   46  184
  15   46  184
  15   45  184
  19   38  184
  19   38  184
  23   37  184
  11   36  184
  11   36  184
  11   36  184
  11   36  184
  15   38  184
   2   50  184
  19   38  185
   6   51  185
  11   37  185
  19   38  185
   2   50  185
   3   50  185
   4   51  185
  11   36  185
  11   36  185
  15   45  185
  15   45  185
  19   41  185
   2   51  185
  23   37  185
  17   43  185
  14   50  185
   2   50  185
  21   38  185
  21   38  185
   9   34  185
  24   36  185
  14   40  185
   6   51  186
  11   34  186
   6   51  186
  11   36  186
  15   38  186
  15   46  186
  15   45  186
  15   45  186
  11   36  186
  11   36  186
   2   50  186
   3   50  186
   4   50  186
  19   38  186
  23   37  186
  19   38  186
  19   41  186
   2   50  186
  11   36  186
   2   51  186
  23   43  186
  14   50  186
  21   38  186
  21   38  186
  24   36  186
   9   34  186
  17   43  186
  15   45  187
  15   45  187
  11   36  187
  15   46  187
   3   46  187
  11   36  187
  11   36  187
   4   50  187
   4   52  187
   4   51  187
   2   50  187
   3   50  187
  15   46  187
  19   38  187
  11   36  187
   6   51  187
  19   38  187
  23   37  187
  11   36  187
  11   37  187
   1   37  187
   6   51  187
   2   51  187
  23   43  187
  14   50  187
   2   50  187
  21   38  187
  21   38  187
  24   36  187
   9   34  187
  17   43  187
  24   36  188
  23   37  188
  11   36  188
  11   37  188
  11   36  188
  11   34  188
  11   36  188
  15   38  188
  15   46  188
  15   45  188
  15   45  188
   4   51  188
   4   50  188
   2   50  188
   3   50  188
  19   38  188
  19   38  188
   9   34  188
  21   38  188
  21   38  188
   2   50  188
  14   50  188
   1   51  188
  17   43  188
  23   37  188
   2   51  188
   6   51  188
   6   51  188
  14   40  188
  19   41  188
  19   41  189
  19   38  189
  15   45  189
  15   46  189
  11   36  189
  11   36  189
   4   51  189
   4   51  189
   4   50  189
   2   50  189
   3   50  189
  19   38  189
  23   37  189
  11   37  189
  19   38  189
   2   50  189
  15   46  189
  24   36  189
  20   40  189
  15   45  189
   9   34  189
  21   38  189
  21   38  189
  20   41  189
   2   50  189
   1   51  189
  17   43  189
  23   37  189
   2   51  189
   6   51  189
   6   51  189
  23   37  190
  11   36  190
  19   38  190
   6   51  190
   6   51  190
   2   51  190
   2   50  190
  21   38  190
  21   38  190
  24   36  190
  19   38  190
   9   34  190
   4   52  190
   4   51  190
   3   50  190
   3   46  190
   2   50  190
  15   46  190
  15   45  190
  15   45  190
  11   36  190
   2   50  190
  11   36  190
  11   36  190
  11   34  190
  11   36  190
  24   36  191
  11   36  191
   4   51  191
   4   51  191
  20   40  191
   4   50  191
  21   38  191
  21   38  191
  20   41  191
   2   50  191
  14   50  191
  23   37  191
   2   51  191
   6   51  191
   6   51  191
  14   34  191
   3   46  191
  15   51  191
   2   50  191
  19   38  191
  11   37  191
   3   50  191
  11   36  191
  11   34  191
  11   34  191
  11   36  191
  11   36  191
  15   45  191
  15   45  191
  19   38  191
  19   38  192
   6   51  192
  11   36  192
  11   36  192
  11   34  192
  15   46  192
  15   45  192
  15   38  192
  19   38  192
  11   36  192
  19   38  192
   3   50  192
   2   50  192
   2   50  192
   4   50  192
   4   51  192
  11   36  192
  15   45  192
   3   46  192
  11   36  192
   6   51  192
   2   51  192
  23   43  192
  17   43  192
   2   50  192
  20   41  192
  21   38  192
  21   38  192
  24   36  192
  14   40  192
  15   45  193
  15   46  193
  11   36  193
  11   36  193
  23   37  193
  19   38  193
  19   38  193
  19   38  193
  11   36  193
  15   46  193
  21   38  193
   2   50  193
   6   51  193
   6   51  193
   2   51  193
  23   43  193
  14   50  193
   2   50  193
  21   38  193
   9   34  193
   4   44  193
  24   36  193
  20   40  193
   4   51  193
   4   50  193
   4   51  193
   3   50  193
   3   46  193
  11   36  194
  11   36  194
  11   37  194
  11   36  194
  15   46  194
  15   45  194
  15   46  194
   3   46  194
   2   50  194
  11   34  194
   4   51  194
   4   50  194
   2   50  194
  11   36  194
   3   50  194
  23   37  194
  19   38  194
  19   38  194
   6   51  194
   2   51  194
  23   37  194
  14   50  194
   2   50  194
  20   41  194
  21   38  194
  21   38  194
  24   36  194
   6   51  194
  20   40  194
  19   38  195
   4   52  195
  15   45  195
  15   46  195
   2   50  195
   3   50  195
   4   50  195
   4   51  195
   4   51  195
  20   40  195
  21   38  195
   9   34  195
  24   36  195
  21   38  195
   2   50  195
  14   50  195
  23   37  195
   6   51  195
   6   51  195
  19   38  195
  19   38  195
   2   51  195
  11   36  195
  23   37  195
  11   37  195
  11   34  195
  11   36  195
  11   36  195
  20   40  196
   4   50  196
   4   51  196
   4   51  196
   3   50  196
   3   46  196
  15   46  196
   2   50  196
  15   46  196
  19   38  196
  19   38  196
  19   38  196
  23   37  196
   2   50  196
  15   45  196
  24   36  196
  11   36  196
  11   36  196
  11   36  196
  11   36  196
   6   44  196
  15   45  196
  21   38  196
  21   38  196
   2   50  196
  14   50  196
  17   43  196
  23   43  196
   2   51  196
   6   51  196
   6   51  196
   9   34  196
  23   37  197
   6   51  197
   6   51  197
   3   46  197
   1   51  197
  11   36  197
  15   45  197
  15   46  197
  15   45  197
  15   45  197
  11   36  197
  11   36  197
  11   34  197
   8   53  197
   4   51  197
   4   51  197
   4   50  197
   3   50  197
   2   50  197
   2   50  197
  11   38  197
  19   38  197
  19   38  197
  23   43  197
  14   50  197
  21   38  197
  21   38  197
  24   36  197
   9   34  197
  20   40  197
  19   38  197
  11   45  198
  19   38  198
  19   38  198
  23   37  198
  19   38  198
  15   46  198
   2   50  198
   2   50  198
   3   50  198
   3   46  198
   4   50  198
   4   51  198
   4   51  198
  11   36  198
  20   40  198
   4   44  198
  24   36  198
  21   38  198
  21   38  198
   4   44  198
   2   50  198
  14   50  198
  14   50  198
   6   51  198
   6   51  198
  11   36  198
  23   43  198
  11   36  198
  11   36  198
  11   36  198
  15   45  198
   3   46  199
  15   46  199
  15   45  199
  11   36  199
  15   46  199
  11   36  199
  11   34  199
  15   45  199
   3   50  199
  11   36  199
   8   53  199
   4   52  199
   4   51  199
   4   50  199
   2   50  199
  11   45  199
  19   38  199
  23   37  199
  19   38  199
  19   38  199
  11   36  199
  21   38  199
  21   38  199
   2   50  199
  14   50  199
  23   43  199
   2   51  199
  24   36  199
   9   34  199
   4   44  199
  20   40  199
   6   51  199
   6   51  199
  19   38  200
  19   41  200
  19   38  200
  15   45  200
  15   46  200
  15   45  200
   2   50  200
   2   50  200
   3   46  200
   3   50  200
   4   51  200
   4   51  200
   4   50  200
   8   53  200
  24   36  200
  21   38  200
  21   38  200
  20   41  200
   2   50  200
   6   51  200
   6   51  200
   2   51  200
  23   43  200
  14   50  200
  14   50  200
  14   40  200
  23   37  200
  11   36  200
  11   45  200
  11   34  200
  11   36  200
  11   34  200
  11   36  200
  11   36  200
  11   36  200
