   4    1  151
   1    1  151
   6   51  151
  30   30  151
  30   20  151
   1   49  151
  26   51  151
   4   46  151
   4   46  151
   6    1  151
  46    1  151
   9   30  151
  34   30  151
   6   51  151
   6    1  151
   6   50  151
   6    1  151
   6    1  151
  46   50  151
   4   49  151
   4    4  151
   3   51  151
   4   51  151
   6   30  151
   4   49  151
   6    1  152
   6   51  152
   6    1  152
   4   51  152
   6    1  152
   6    1  152
   4   49  152
   4    4  152
   3   51  152
   4   51  152
  30   30  152
  30   20  152
   1   49  152
   1   51  152
   4   46  152
   4   46  152
  46   50  152
   6    1  152
   6   51  152
   6   50  152
   1    1  152
   6    1  152
   9   30  152
  34   30  152
  34    1  152
  34   30  152
   6   30  152
   6   51  153
   6    1  153
   1    1  153
  34   30  153
   6   30  153
  34   30  153
   6    1  153
   6    1  153
  46   50  153
   6   51  153
  34    1  153
   4   51  153
   6    1  153
   4   46  153
   4   49  153
   4    4  153
   3   51  153
  30   30  153
   1   49  153
   4   46  153
   4    1  153
  30   20  153
   3   51  154
  34    1  154
   6   51  154
   6    1  154
   6    1  154
   6    1  154
  46   50  154
   9   30  154
   6   30  154
  34   30  154
  34   30  154
   4   30  154
   4   46  154
   4   46  154
   4    1  154
  46    1  154
   4    1  154
   6    1  154
   6    1  154
   4    4  154
   4   49  154
   6    1  154
   3   51  154
   4   51  154
  30   30  154
  30   20  154
   1   49  154
   1   51  154
   4   51  154
   6   51  154
   6   51  154
  46    4  154
   1    1  154
   6   51  155
   1    1  155
  34   30  155
   9   30  155
   6    1  155
   6   30  155
   6    1  155
   6    1  155
   6    1  155
   6   51  155
  46   50  155
   4   46  155
   6   46  155
   4   46  155
  46    1  155
   6    1  155
   4    1  155
   1   51  155
   1   49  155
  30   20  155
  30   30  155
   4   49  155
   3   51  155
  46    4  155
   4    4  155
   4   51  155
   4   49  155
   4    1  156
   4   46  156
   6    1  156
   4   51  156
   1   49  156
   6    1  156
   6    1  156
  34   30  156
   6    1  156
   6   30  156
   9   30  156
  34   30  156
   1    1  156
  46   50  156
   6    1  156
   6   51  156
  46    1  156
   6    1  156
   4    1  156
   4    1  156
   6   50  156
   6   51  156
   4   49  156
   4   49  156
   4    4  156
  46    4  156
   3   51  156
   4   51  156
  30   20  156
  30   30  156
   4   49  157
   6   51  157
   6    1  157
   1    1  157
   4    4  157
  46    1  157
   4   46  157
  34    1  157
   6   51  157
   4   15  157
   4   51  157
   3   51  157
   4   46  157
   4   49  157
  30   30  157
  30   20  157
   1   49  157
  26   50  157
   4   51  157
  46   50  157
   4    1  157
  34   30  157
   6    1  157
   6   50  157
  34    1  157
   6   30  157
   6    1  157
   6    1  158
   4   46  158
   1   49  158
  26   51  158
  30   20  158
  30   30  158
   3   51  158
   4   51  158
   4   46  158
  46    4  158
   4    4  158
   1    1  158
   4    1  158
   6    1  158
   6   51  158
   4    1  158
  34   30  158
  46   50  158
   6    1  158
   6    1  158
   6   51  158
  46    1  158
  30   30  159
   4   46  159
   6   30  159
  34   30  159
  34    1  159
   6    1  159
   6    1  159
   6    1  159
  46   50  159
  34   30  159
   6    1  159
   4   46  159
   4    1  159
  46    1  159
   6   51  159
   6   51  159
  30   20  159
   1   49  159
   4   51  159
   1   51  159
  26   51  159
   1    1  159
   3   51  159
   4    4  159
   4   49  159
   1    1  160
  34   30  160
   6    1  160
   6    1  160
   6    1  160
   6   51  160
   6   51  160
   6    1  160
   4    1  160
  34    1  160
   6    1  160
  46   50  160
   6   30  160
   4   30  160
   4   46  160
   4   49  160
   4    4  160
   3   51  160
   4   51  160
  30   30  160
   1   49  160
   4   51  160
   4   49  160
   6   51  161
   6   51  161
   6   51  161
  34    1  161
   1    1  161
   6    1  161
   4    1  161
  46    1  161
   4   46  161
   4    1  161
   6    1  161
   4   46  161
  34    1  161
   6    1  161
   6    1  161
  34   30  161
   6   30  161
   6    1  161
  34   30  161
   6   50  161
  46   50  161
   4   51  161
  30   30  161
   1   49  161
  26   51  161
   4   51  161
  19   49  161
   4   49  161
   4    4  161
   4   15  161
   3   51  161
  34   30  162
   6    1  162
   4   46  162
   4    1  162
   6   51  162
   6   51  162
   9   30  162
   1    1  162
  34   30  162
  46   50  162
   6    1  162
   6    1  162
   4   30  162
   4   51  162
   1   49  162
   6   30  162
   6    1  162
   3   51  162
  30   20  162
  30   30  162
   4   51  162
   4    4  162
   4   49  162
   1   51  162
   6    1  163
   3   51  163
   4   51  163
  30   30  163
  30   20  163
   4    4  163
   1   49  163
   4   46  163
   6   51  163
   1    1  163
   6    1  163
   4    1  163
   4    1  163
   6   30  163
   6    1  163
  34   30  163
   6    1  163
   6    1  163
  46   50  163
   6   30  163
   4   49  163
  34   30  164
   1    1  164
   6   51  164
   6    1  164
   6   51  164
   6   30  164
   4    1  164
   4   51  164
  30   30  164
  30   20  164
   1   49  164
   1   51  164
   4   46  164
  34    1  164
  34   30  164
   6    1  164
  46    1  164
   4   49  164
   4    4  164
   3   51  164
   3   51  164
  46   50  164
   6   50  164
   6    1  164
  46    1  165
   1    1  165
  34    1  165
   4    1  165
   6   30  165
   4   30  165
   6    1  165
   6    1  165
   6   51  165
   6   51  165
   6    1  165
   6    1  165
   6   50  165
   6    1  165
  34   30  165
   4   46  165
   6   30  165
   4   49  165
   4    4  165
   3   51  165
   4   51  165
  30   30  165
  30   20  165
   1   49  165
  34   30  165
   4   51  165
  34   30  166
   1    1  166
   6   51  166
   6    1  166
   4    1  166
  34   30  166
  46    1  166
   6    1  166
   6   51  166
   4   30  166
   6   30  166
   6   50  166
   6    1  166
   6    1  166
  30   30  166
   4   49  166
   4    4  166
   3   51  166
   4   51  166
  30   20  166
   1   49  166
   4   30  166
   4   51  166
   4   46  166
   1   51  166
   4   49  167
   4   51  167
  46    4  167
   4    4  167
   4   49  167
   1    1  167
  30   30  167
   4    1  167
   6    1  167
   6   51  167
   6   51  167
   6    1  167
  46    1  167
   6    1  167
   6    1  167
  46   50  167
   4   46  167
   6    1  167
   4   51  167
  34   30  167
   9   30  167
   6    1  167
   6   30  167
  34   30  167
   1   49  167
  30   20  167
   1   51  167
   6    1  168
  34   30  168
   4   49  168
   4   51  168
   3   51  168
   3   51  168
  46    4  168
   4    4  168
   4   49  168
  34    1  168
  34   46  168
   6   30  168
   4   30  168
  46    1  168
   4    1  168
   6    1  168
   1    1  168
   6   51  168
   6   51  168
   6   51  168
   6    1  168
   4   46  168
  46   50  168
   6    1  168
  34   30  168
   1   51  168
   1   49  168
  26   51  168
  30   20  168
  30   30  168
   4   46  169
   6    1  169
   1    1  169
   6    1  169
   6    1  169
   6    1  169
   4    1  169
  46   50  169
   4   30  169
   1   49  169
   6   51  169
   9   30  169
   6   30  169
  34    1  169
  34   30  169
   6    1  169
  30   20  169
   4   51  169
   6   51  169
   4   49  169
   4    4  169
   3   51  169
   4   51  169
   4   49  169
  34   30  169
  30   30  169
  46   50  170
   6    1  170
   6    1  170
  34   30  170
   6   51  170
   6    1  170
   6   30  170
   6    1  170
   6   51  170
   6    1  170
   4   30  170
   6    1  170
   4    1  170
   6    1  170
  34   30  170
   4   46  170
   4   49  170
   4    4  170
   3   51  170
   4   51  170
  30   30  170
  30   20  170
   1   49  170
   4   51  170
   4   30  171
   4    1  171
   4   51  171
   1   49  171
  30   20  171
   4   51  171
  30   30  171
   4   49  171
   3   51  171
  46    4  171
   4   46  171
  46   50  171
   6    1  171
   4    1  171
   6   50  171
   6    1  171
   6    1  171
   6    1  171
   6   51  171
  34   30  171
   4    4  171
   6    1  171
   9   30  171
   6   51  171
  34   30  171
   6    1  171
  46    1  171
   4   49  171
   6   30  171
   4    4  172
   4   49  172
   6   51  172
   6    1  172
   1   49  172
  30   20  172
  30   30  172
   4   51  172
   4   46  172
   4   30  172
   4    1  172
  46   50  172
  46    1  172
   6    1  172
   6    1  172
  46    4  172
   4   51  172
   1    1  172
   6    1  172
   6   51  172
   6    1  172
  34    1  172
  34   30  172
   9   30  172
   6   30  172
  30   20  173
   4   49  173
   4    4  173
  46    4  173
   4   49  173
   3   51  173
   4   51  173
   4   49  173
  30   30  173
   4    1  173
   4   46  173
   4   51  173
   1   51  173
  46   50  173
  46    1  173
   6    1  173
   6    1  173
   6    1  173
   6   51  173
   6   51  173
   6    1  173
   1    1  173
  34   30  173
   9   30  173
   6   30  173
  34   30  173
  34    1  173
   1   51  173
   1   49  173
   4   30  174
  34    1  174
  46   50  174
   6    1  174
   6    1  174
   6   50  174
   6    1  174
   6   30  174
   6   51  174
   6   51  174
   1    1  174
  34   30  174
   9    1  174
   6   30  174
  34   30  174
   4   46  174
   1   49  174
   1   51  174
   4    4  174
  28   49  174
   3   51  174
   4   49  174
  30   30  174
  30   20  174
   1   51  174
   4   49  174
  30   30  175
   4   49  175
   4    4  175
  28   30  175
  28   49  175
   3   51  175
   3   51  175
  30   20  175
   4   46  175
   6   36  175
   1   49  175
   4   51  175
   4   30  175
   4   30  175
  46   50  175
   6    1  175
   6   50  175
   6    1  175
   6   51  175
   9   30  175
  34   30  175
  34    1  175
   6   30  175
  34   30  175
   6   51  175
   6   51  175
   9   30  175
   6   50  176
   1   49  176
   6    1  176
   4   49  176
   4    4  176
  28   30  176
   3   51  176
   4   49  176
  30   30  176
   4   51  176
   4   46  176
   4   30  176
   6    1  176
   6   51  176
   6    1  176
  34   30  176
  34   30  176
   6   51  176
   1    1  176
  34   30  177
   6    1  177
  34   30  177
   6   30  177
   6   51  177
   6   50  177
  34    1  177
   6    1  177
   9    1  177
   1    1  177
   6    1  177
  46   50  177
   4    4  177
  28   30  177
   3   51  177
   3   51  177
   4   49  177
  30   30  177
  28   49  177
   1   49  177
   1   51  177
   6   36  177
   4   51  177
  30   20  177
  46   50  178
   4   46  178
   4   30  178
   4   51  178
   1   49  178
   1   51  178
   4   49  178
  30   20  178
  30   30  178
  28   30  178
   4    4  178
   6    1  178
   3   51  178
   6    1  178
   6   51  178
   1    1  178
   9   30  178
   6    1  178
  34    1  178
  34   30  178
  34   30  178
   6   30  178
   9   30  178
   6    1  178
   6   51  178
  30   20  179
  30   30  179
   9    1  179
   6   51  179
   6   30  179
  34   30  179
  46   50  179
   6    1  179
   9   30  179
  34   30  179
   1    1  179
   6    1  179
   4   30  179
   4   46  179
   1   49  179
  26   51  179
   4   51  179
   1   51  179
  28   49  179
  46    4  179
   4    4  179
   4   15  179
   4   46  180
  30   30  180
   3   51  180
   4   15  180
  28   49  180
   4    4  180
   4   49  180
   9    1  180
   6   50  180
   1    1  180
  46   50  180
   9   30  180
   6   30  180
  34   30  180
  34   30  180
   6    1  180
   1   51  180
   6    1  180
   6    1  180
   6    1  180
   6   51  180
   1   49  180
   4   51  180
  30   20  180
   6    1  181
  30   20  181
  34   30  181
   9    1  181
   9   30  181
  34   30  181
   1    1  181
   6   51  181
   6    1  181
   6    1  181
   6    1  181
   6    1  181
  46   50  181
   4   30  181
   1   51  181
   1   49  181
  26   50  181
   1   51  181
  30   30  181
   4   15  181
  28   49  181
  46    4  181
   6    1  181
   6   51  181
   6   30  181
  34   30  182
  30   30  182
  30   20  182
   1   49  182
   1   51  182
   6   51  182
   9   30  182
   6    1  182
   6    1  182
   4   49  182
   6    1  182
   6   50  182
   6    1  182
   4    1  182
   3   51  182
   6   30  182
   4   15  182
   9    1  182
   6    1  182
  28   49  182
   6   51  182
  34   30  182
   6    1  183
   6   51  183
   6    1  183
   6    1  183
   6    1  183
   6    1  183
   6   50  183
  46    4  183
   4   49  183
   1   49  183
  30   20  183
  30   30  183
  28   49  183
  46   50  183
   6   51  183
   9    1  183
  34   30  183
   6   30  183
  34   30  183
   1    1  183
   4    1  184
   1   51  184
   1   49  184
  30   20  184
  30   38  184
   3   51  184
   4   51  184
   4   15  184
   4    4  184
  46   50  184
   4   51  184
   6    1  184
   4    1  184
   6    1  184
   6   50  184
   6    1  184
   6    1  184
   6   51  184
   6    1  184
   1    1  184
  34    1  184
  34   30  184
   9   30  184
  34   30  184
   6   51  184
   6    1  184
   6   51  185
   4    4  185
   9    1  185
   6    1  185
   4    1  185
  46    1  185
   4   30  185
  34   30  185
  34   30  185
   6    1  185
   6    1  185
   6    1  185
  46    4  185
  28   49  185
   4   15  185
   3   51  185
   4   51  185
  30   38  185
  30   20  185
   1   51  185
   1   49  185
   1   51  185
   4    4  186
   6    1  186
   4   49  186
  34   30  186
   6   51  186
   6    1  186
   6    1  186
   6    1  186
   6   30  186
  34   30  186
   4    1  186
  46    1  186
   4    1  186
   6    1  186
   1    1  186
   6   51  186
   6    1  186
   6    1  186
   9   30  186
  46    4  186
  28   30  186
   3   51  186
  30   38  186
  30   20  186
   1   49  186
   1   51  186
   4   15  186
   6    1  187
   6    1  187
   9   30  187
   6   50  187
  46   50  187
  34   30  187
   6   30  187
   4    1  187
   4   30  187
   4   46  187
   4    1  187
  46    1  187
   6    1  187
   6    1  187
  34   30  187
   4   49  187
   6   51  187
   1    1  187
   9   30  187
  34    1  187
  19   49  187
   4    4  187
  46    4  187
  28   30  187
   3   51  187
   4   51  187
  30   38  187
  30   20  187
   1   49  187
   1   51  187
   4   15  187
   1   49  188
   1    1  188
   9   30  188
   9    1  188
   6   30  188
   6    1  188
  34   30  188
   6   51  188
   6    1  188
   6    1  188
   6    1  188
   4   46  188
   4    1  188
   6    1  188
  46    1  188
   6    1  188
   6   51  188
   1   51  188
  30   20  188
  30   38  188
   4   51  188
   3   51  188
   4   49  188
   4   15  188
  28   49  188
  46    4  188
   4    4  188
   4   49  188
   1   51  188
   6    1  188
   6    1  189
   6   51  189
   6    1  189
   6   50  189
  34   30  189
  34   30  189
   4   46  189
   4   30  189
   4    1  189
   6    1  189
  46    1  189
   6    1  189
   1    1  189
   9    1  189
   6   51  189
   4    1  189
   6    1  189
   1   49  189
   4   51  189
   6    1  189
   1   51  189
  30   20  189
  30   38  189
   4   49  189
   4   51  189
   4   49  189
   4   15  189
  28   49  189
  46    4  189
   4    4  189
   4   49  189
   1    1  190
   9   30  190
   6   51  190
   4   49  190
   4    4  190
  46    4  190
   4   51  190
  30   38  190
  30   20  190
   1   49  190
   6   51  190
   1   51  190
   4   30  190
   4   30  190
  46    1  190
  46   50  190
   6    1  190
   6   50  190
   6    1  190
   6    1  190
   6   30  190
   4    1  190
  34   30  190
  34    1  190
   6    1  190
  34   30  190
   1   49  191
   6   30  191
   4   30  191
   4   46  191
   4   51  191
   4    1  191
  30   20  191
  30   38  191
   4   49  191
   4   51  191
   3   51  191
  28   49  191
  46    4  191
   4    4  191
   4   49  191
   6   36  191
  46   50  191
   6   30  191
   6    1  191
   6   51  191
   9    1  191
  46    1  191
  34    1  191
   6    1  191
  34    1  191
  34   30  191
  34   30  191
   6    1  191
   6    1  191
   6   51  191
   6   51  192
   4   49  192
   6   30  192
  34   30  192
  34    1  192
   6    1  192
   6    1  192
   6   51  192
   6   51  192
   9   30  192
   6    1  192
  46    1  192
   4    1  192
   6    1  192
   4    1  192
   4   46  192
  34   30  192
   6    1  192
  46   50  192
   9   30  192
   4    4  192
  46    4  192
  28   30  192
   4   15  192
   4   51  192
   4   49  192
  30   38  192
  30   20  192
   1   49  192
   1   51  192
   6    1  193
   6    1  193
   6   30  193
  34   30  193
   1    1  193
   6    1  193
   6   51  193
   6   51  193
  34   30  193
   6   50  193
  30   20  193
   4    1  193
   4   49  193
   4    4  193
  46    4  193
  28   30  193
   3   51  193
   4   51  193
  30   38  193
   1   51  193
   4   51  193
   1   49  193
   4   51  193
   4   46  193
   4    1  193
   4   30  193
  46    1  193
  46   50  193
   6   30  194
   9   30  194
   9    1  194
  34   30  194
   6    1  194
   6    1  194
   6   50  194
  46   50  194
   6    1  194
   6    1  194
   4   30  194
   4    1  194
   4    1  194
  34   30  194
  46    1  194
   1    1  194
   6   51  194
   6   51  194
   4   49  194
  46    4  194
  28   49  194
   3   51  194
   4   51  194
   4   49  194
  30   38  194
  30   20  194
   1   49  194
   4    4  194
   4   51  194
   6   51  195
   4   30  195
   6    1  195
   6   50  195
   4    1  195
  46    1  195
   4    1  195
   4   46  195
   4   30  195
   4   51  195
  30   38  195
   1   51  195
   1   49  195
  30   20  195
   4   51  195
   3   51  195
  28   49  195
   4    4  195
   4   49  195
   6   51  195
   6    1  195
  46    4  195
  34   30  195
   1    1  195
   9    1  195
   6    1  195
   6   30  195
  34   30  195
   4   51  196
   4    1  196
   4   46  196
   4   30  196
  46    1  196
  46   50  196
   6   50  196
   6    1  196
   6    1  196
   6   51  196
   6    1  196
   6   51  196
   1    1  196
   4    1  196
   6    1  196
   1   49  196
  34   30  196
   6   30  196
  34   30  196
   9   30  196
  26   51  196
   6    1  196
  30   20  196
  30   38  196
   4   51  196
   3   51  196
   4   15  196
  28   30  196
  46    4  196
   4    4  196
   4   49  196
   1   51  196
   1    1  197
   4   49  197
   4    4  197
  46   50  197
   4   49  197
  34   30  197
   6    1  197
   6    1  197
   6    1  197
   6    1  197
  34   30  197
   6   30  197
   6    1  197
   4    1  197
   4   46  197
   4   30  197
   4    1  197
  46    1  197
   6    1  197
   4    1  197
  34    1  197
   6   51  197
   6   51  197
  28   30  197
   3   51  197
  30   38  197
  30   20  197
   1   49  197
   1   51  197
   4   51  197
   6    1  197
   9   30  198
   6   51  198
   6   51  198
   1    1  198
   6    1  198
   6    1  198
   6    1  198
   4    1  198
  46    1  198
  46   50  198
   4    1  198
   4   46  198
   4   30  198
  34   30  198
   4   51  198
   4   51  198
   1   49  198
  30   20  198
  30   38  198
   4   51  198
   4   51  198
   3   51  198
   3   51  198
   4    4  198
   4   49  198
   9   30  198
  28   30  198
   9   30  198
   6   30  198
  34   30  198
   6    1  198
  46   50  199
   6   50  199
   6    1  199
  34   30  199
   6    1  199
   6   30  199
   6    1  199
   6    1  199
  46    1  199
  34   30  199
   4    1  199
   4   30  199
   4   46  199
   4    1  199
   4    1  199
   9   30  199
   6    1  199
   1    1  199
   6   51  199
   6   51  199
   9   30  199
  30   20  199
  30   38  199
   4   51  199
   3   51  199
  28   30  199
  46    4  199
   1   49  199
   1   51  199
   4   51  199
   4   51  199
   4   49  199
   4    4  199
   6   51  200
   6    1  200
   6   51  200
   6    1  200
   6    1  200
   6    1  200
   6    1  200
   4    1  200
  46   50  200
  46    1  200
   4   30  200
   4   46  200
   4    1  200
   4    1  200
   1   49  200
  30   20  200
  30   38  200
   4   49  200
   4   51  200
   4   49  200
   4    4  200
  46    4  200
  28   30  200
   3   51  200
   3   51  200
   1   51  200
   1    1  200
  34    1  200
   9   30  200
   6    1  200
  34   30  200
  34    1  200
  34   30  200
   9   30  200
   6   30  200
