   2   50  151
  23   37  151
  19   38  151
  21   38  151
  21   38  151
  24   36  151
   6   44  151
   2   51  151
   2   51  151
  19   38  151
   2   50  151
  11   36  151
  11   36  151
  19   38  151
  16   46  151
  16   46  151
   2   50  151
  11   34  151
   2   46  151
   6   51  151
   6   51  151
   2   50  151
   2   50  151
  11   36  151
  20   41  151
  15   46  152
  19   38  152
  19   38  152
  20   40  152
  16   46  152
  16   46  152
   6   51  152
   6   51  152
   2   50  152
   2   50  152
  21   38  152
  21   38  152
  24   36  152
   9   34  152
   2   51  152
   2   51  152
   2   46  152
   2   50  152
  19   38  152
  16   46  152
  23   37  152
  15   40  152
  11   36  152
  11   36  152
  11   34  152
  11   36  152
  11   36  152
  19   38  153
  19   38  153
  23   37  153
  11   36  153
  11   36  153
  11   36  153
  16   46  153
  15   46  153
   2   46  153
  19   38  153
  11   34  153
   2   50  153
  16   46  153
   2   51  153
   6   51  153
   6   51  153
   2   50  153
  21   38  153
  24   36  153
   2   51  153
   2   50  153
  21   38  153
   2   50  154
  11   34  154
  15   38  154
  16   46  154
  15   46  154
  16   46  154
   2   46  154
  11   36  154
  11   36  154
  11   36  154
  11   36  154
   2   51  154
   2   51  154
   2   51  154
   2   50  154
   2   50  154
   2   50  154
   2   50  154
  19   38  154
   6   51  154
   6   51  154
  11   34  154
   2   51  154
   2   50  154
  21   38  154
  21   38  154
  24   36  154
   9   34  154
  20   40  154
  19   38  154
  19   38  154
   2   51  154
  23   37  154
  19   38  155
  23   37  155
  11   36  155
  11   36  155
  11   34  155
  11   36  155
  16   46  155
  16   46  155
  15   46  155
  19   38  155
   2   46  155
   2   51  155
  15   51  155
   2   51  155
   2   50  155
   2   50  155
   2   50  155
  21   40  155
  24   36  155
  21   38  155
  21   38  155
  20   41  155
   2   50  155
   2   51  155
   6   51  155
   2   50  155
   6   51  155
   2   50  156
   2   51  156
  15   46  156
  20   40  156
  24   36  156
  19   46  156
  16   46  156
  11   36  156
  11   34  156
  11   36  156
  11   36  156
  11   36  156
  23   37  156
   2   46  156
  19   38  156
  19   38  156
   2   50  156
   2   50  156
   4   53  156
   2   50  156
  16   46  156
  19   38  156
   6   51  156
  20   41  156
   6   51  156
   2   51  156
   2   51  156
   2   50  156
  21   38  156
  21   38  156
   6   51  157
  19   38  157
   2   50  157
  23   37  157
   6   51  157
   2   50  157
   2   51  157
  11   36  157
  19   38  157
  17   43  157
   2   50  157
   2   50  157
   2   51  157
  20   41  157
  21   38  157
  21   38  157
  24   36  157
  14   50  157
  20   40  157
   2   46  157
   4   53  157
  11   36  157
  16   46  157
  16   46  157
  11   34  157
  11   36  157
  15   46  157
  16   46  158
   2   51  158
  24   36  158
   6   44  158
  21   38  158
  21   38  158
   2   50  158
   2   50  158
   2   51  158
   2   51  158
   6   51  158
  23   37  158
   2   50  158
   2   50  158
  19   38  158
   2   50  158
  11   36  158
   2   46  158
  16   46  158
  15   46  158
  19   38  158
   2   50  158
  21   38  159
   2   51  159
  11   36  159
  11   36  159
  11   34  159
  16   46  159
  16   46  159
  15   46  159
   2   46  159
  11   36  159
  11   34  159
   2   51  159
   2   50  159
   2   50  159
  19   38  159
  19   38  159
  21   38  159
  24   36  159
   2   50  159
   9   34  159
   8   53  159
  23   37  159
   2   50  159
   6   51  159
   6   51  159
  23   37  160
  11   36  160
   2   50  160
  16   46  160
  15   46  160
  19   38  160
  19   38  160
  19   38  160
   2   50  160
  11   34  160
  16   46  160
   2   46  160
  11   36  160
   2   51  160
   2   51  160
   6   51  160
   6   51  160
   2   50  160
   2   50  160
  21   38  160
  24   36  160
  20   40  160
  20   41  160
  19   38  161
  15   38  161
  19   38  161
  11   37  161
  23   37  161
   2   50  161
   2   50  161
   2   50  161
   2   51  161
   2   53  161
  19   38  161
   2   51  161
  11   34  161
  15   46  161
  16   46  161
  11   36  161
  11   36  161
  11   34  161
  11   36  161
  16   46  161
   2   46  161
   2   50  161
  21   38  161
  24   36  161
   6   34  161
  20   40  161
   2   37  161
   6   51  161
   6   51  161
  17   43  161
   2   50  161
  11   36  162
  11   34  162
   2   51  162
   2   50  162
  19   38  162
  19   38  162
  11   36  162
  23   37  162
  11   36  162
   2   46  162
  15   46  162
  16   46  162
   2   51  162
  20   40  162
  24   36  162
  11   36  162
  16   46  162
   2   50  162
  21   38  162
  21   38  162
   2   50  162
   6   51  162
   6   51  162
   9   34  162
  16   46  163
   2   50  163
   2   50  163
  21   38  163
  21   38  163
   6   51  163
  24   36  163
   2   51  163
  19   38  163
  23   37  163
  19   38  163
   2   50  163
   2   50  163
  15   51  163
  11   34  163
  11   36  163
  16   46  163
  15   46  163
   2   46  163
  11   36  163
   6   51  163
  11   36  164
  23   37  164
  19   38  164
  15   46  164
  15   38  164
  11   36  164
   2   50  164
   2   50  164
  21   38  164
  21   38  164
  24   36  164
   9   34  164
   2   51  164
  11   34  164
  11   36  164
   2   50  164
   2   50  164
   6   51  164
   6   51  164
   2   51  164
   2   50  164
   2   46  164
  16   46  164
  16   46  164
   2   50  165
  23   37  165
  11   36  165
   2   50  165
  15   51  165
   2   51  165
   2   50  165
  19   38  165
  19   38  165
  19   38  165
  15   46  165
  16   46  165
  16   46  165
  11   34  165
  11   36  165
   2   51  165
  11   36  165
   6   51  165
   6   51  165
   2   50  165
   2   50  165
  21   38  165
  21   38  165
  24   36  165
  11   36  165
  20   40  165
  11   36  166
  23   37  166
  19   38  166
  19   38  166
   2   50  166
  11   36  166
   2   50  166
   2   50  166
  19   38  166
   2   51  166
  11   36  166
  16   46  166
  15   46  166
  16   46  166
  21   38  166
   6   51  166
   6   51  166
   2   50  166
   2   50  166
  21   38  166
  24   36  166
   2   51  166
  20   40  166
   2   51  166
   9   34  166
  20   41  167
   2   50  167
   2   51  167
   6   51  167
   6   51  167
  23   37  167
  21   38  167
   2   50  167
  15   40  167
  15   38  167
  19   38  167
  19   41  167
   2   50  167
  16   46  167
  16   46  167
   2   46  167
   2   51  167
  15   46  167
  20   40  167
  11   36  167
  11   36  167
  11   34  167
  11   36  167
  11   36  167
  24   36  167
  21   38  167
   9   34  167
  16   46  168
  11   36  168
  20   41  168
   2   50  168
   2   50  168
   2   51  168
   2   51  168
   6   51  168
   6   51  168
  11   34  168
  11   51  168
  11   36  168
   2   51  168
   2   50  168
   2   50  168
  19   38  168
  23   37  168
  19   38  168
  15   38  168
  19   38  168
  19   41  168
   2   51  168
   2   46  168
  16   46  168
  11   36  168
  21   40  168
  24   36  168
   6   31  168
  21   38  168
  21   38  168
   2   51  169
  11   34  169
  23   37  169
  15   46  169
  16   46  169
  16   46  169
   2   50  169
   2   46  169
   2   51  169
  24   36  169
  19   38  169
  11   36  169
  11   36  169
  11   34  169
  11   36  169
  19   38  169
  21   38  169
  20   40  169
  19   38  169
   6   51  169
   6   51  169
   2   50  169
   2   50  169
  20   41  169
  11   36  169
  21   38  169
   2   46  170
  16   46  170
  15   46  170
  11   36  170
  15   38  170
  15   40  170
  11   36  170
  16   46  170
  19   38  170
  11   34  170
   2   51  170
   2   50  170
   2   50  170
  19   38  170
  11   36  170
   2   51  170
   6   51  170
   6   51  170
   2   50  170
   2   50  170
  21   38  170
  21   38  170
  24   36  170
  20   40  170
   2   51  171
   8   53  171
  20   40  171
  24   36  171
  21   38  171
   2   50  171
  21   38  171
  20   41  171
   2   50  171
   2   51  171
   2   51  171
   2   46  171
  16   46  171
   2   50  171
  16   46  171
  16   46  171
  15   46  171
  19   41  171
  19   38  171
  11   36  171
   6   51  171
  15   46  171
  11   36  171
  15   38  171
  11   36  171
  11   34  171
   2   50  171
   6   51  171
  11   36  171
   6   51  172
   6   51  172
  19   38  172
  15   46  172
  24   36  172
  21   38  172
  21   38  172
   2   50  172
   2   51  172
   2   51  172
   2   50  172
   2   46  172
   2   50  172
  16   46  172
  16   46  172
   2   51  172
  20   40  172
  23   37  172
  19   38  172
  19   38  172
  11   34  172
  11   34  172
  11   36  172
  11   36  172
  11   36  172
  21   38  173
   6   51  173
   6   51  173
   2   51  173
   1   51  173
   2   50  173
   2   50  173
  20   41  173
  21   38  173
   2   50  173
   2   51  173
  20   40  173
  21   40  173
   2   46  173
   2   50  173
  16   46  173
  16   46  173
  15   46  173
  19   38  173
  19   38  173
  19   38  173
  23   37  173
  11   36  173
  11   36  173
  11   36  173
  11   36  173
  11   34  173
   9   34  173
  24   36  173
   2   51  174
  11   36  174
   2   46  174
  16   46  174
  16   46  174
  16   46  174
  15   46  174
  15   51  174
  19   38  174
  19   38  174
  23   37  174
  11   36  174
  11   37  174
  11   36  174
  11   36  174
   2   51  174
  24   36  174
  21   40  174
   6   51  174
  23   37  174
   2   50  174
   6   51  174
  21   38  174
  21   38  174
   9   34  174
  20   41  174
  21   38  175
   6   51  175
   6   51  175
  23   43  175
  23   37  175
   2   51  175
   2   50  175
  21   38  175
   2   51  175
  14   40  175
  24   36  175
  20   40  175
   2   51  175
   2   51  175
   2   46  175
  15   46  175
  16   46  175
  16   46  175
  19   38  175
  11   36  175
  11   36  175
  11   34  175
  11   36  175
  11   36  175
  19   38  175
  15   38  175
  11   36  175
  16   46  176
  24   36  176
  16   46  176
   6   51  176
   6   51  176
  23   43  176
   2   50  176
  20   41  176
  21   38  176
  20   40  176
   2   51  176
   2   51  176
  15   46  176
  19   38  176
  19   38  176
  11   36  176
  11   36  176
  19   38  176
  23   37  176
  11   36  177
  19   38  177
  11   36  177
  11   36  177
  19   38  177
  16   46  177
  11   36  177
  15   46  177
  11   37  177
  23   37  177
  19   41  177
   2   46  177
   6   51  177
  23   43  177
   2   51  177
   2   50  177
  20   41  177
  21   38  177
  23   37  177
  24   36  177
   9   34  177
  14   40  177
  20   40  177
  21   38  177
   2   46  178
   2   51  178
   2   51  178
  20   40  178
  24   36  178
   9   34  178
  20   41  178
  21   38  178
  21   38  178
  23   43  178
   6   51  178
  16   46  178
   2   50  178
  15   46  178
  19   38  178
  23   37  178
  11   36  178
  19   38  178
  11   34  178
  11   36  178
  11   36  178
  11   36  178
  11   36  178
  16   46  178
  19   38  178
  21   38  179
  21   38  179
  11   37  179
  19   38  179
  11   36  179
  11   36  179
   2   46  179
  15   46  179
  11   36  179
  11   36  179
  23   37  179
  19   38  179
   2   51  179
   2   51  179
  24   36  179
   6   44  179
   4   44  179
   9   34  179
  23   37  179
   2   51  179
   6   51  179
  17   43  179
   2   51  180
  21   38  180
   2   50  180
  17   43  180
  23   37  180
   6   51  180
   6   51  180
  11   37  180
  16   46  180
  23   37  180
   2   46  180
  11   36  180
  11   36  180
  11   36  180
  11   36  180
  19   38  180
   9   34  180
  16   46  180
  15   46  180
  16   46  180
  19   38  180
  24   36  180
   4   44  180
  21   38  180
  19   38  181
  21   38  181
  11   36  181
  11   37  181
  11   36  181
  11   36  181
  23   37  181
  19   38  181
  19   41  181
  15   46  181
  16   46  181
  16   46  181
   2   46  181
   2   51  181
  21   40  181
  24   36  181
  14   50  181
   9   34  181
  21   38  181
  17   43  181
  23   37  181
   2   51  181
  15   46  181
  15   38  181
  11   36  181
  11   36  182
  21   38  182
  21   38  182
  24   36  182
   9   34  182
  19   38  182
  11   36  182
  16   46  182
  19   41  182
  20   41  182
  15   46  182
  16   46  182
  16   46  182
   2   53  182
   2   50  182
  11   36  182
  17   43  182
  19   41  182
  11   34  182
  23   37  182
  19   38  182
  11   36  182
  16   46  183
  19   38  183
  19   38  183
  19   41  183
  15   46  183
  16   46  183
  16   46  183
   2   51  183
  20   41  183
  24   36  183
  21   38  183
  21   38  183
  23   37  183
   2   46  183
  15   38  183
  11   37  183
  11   36  183
  11   36  183
  11   36  183
  23   37  183
   2   53  184
  21   40  184
  24   36  184
  21   38  184
  21   38  184
   2   50  184
   1   53  184
  17   43  184
   6   51  184
   2   46  184
   2   50  184
  15   46  184
   2   50  184
  19   41  184
  16   46  184
  16   46  184
  16   46  184
  19   38  184
  19   38  184
  23   37  184
  11   36  184
  11   36  184
  11   36  184
  11   36  184
  15   38  184
   2   50  184
  19   38  185
   6   51  185
  11   37  185
  19   38  185
   2   50  185
   2   50  185
   2   51  185
  11   36  185
  11   36  185
  16   46  185
  15   46  185
  19   41  185
   2   51  185
  23   37  185
  17   43  185
   2   50  185
   2   50  185
  21   38  185
  21   38  185
   9   34  185
  24   36  185
  21   40  185
   6   51  186
  11   34  186
   6   51  186
  11   36  186
  15   38  186
  16   46  186
  15   46  186
  16   46  186
  11   36  186
  11   36  186
   2   50  186
   2   50  186
   2   50  186
  19   38  186
  23   37  186
  19   38  186
  19   41  186
   2   50  186
  11   36  186
   2   51  186
  23   43  186
   2   50  186
  21   38  186
  21   38  186
  24   36  186
   9   34  186
  17   43  186
  15   46  187
  16   46  187
  11   36  187
  16   46  187
   2   46  187
  11   36  187
  11   36  187
   2   50  187
   2   51  187
   2   51  187
   2   50  187
   2   50  187
  16   46  187
  19   38  187
  11   36  187
   6   51  187
  19   38  187
  23   37  187
  11   36  187
  11   37  187
   2   37  187
   6   51  187
   2   51  187
  23   43  187
   2   50  187
   2   50  187
  21   38  187
  21   38  187
  24   36  187
   9   34  187
  17   43  187
  24   36  188
  23   37  188
  11   36  188
  11   37  188
  11   36  188
  11   34  188
  11   36  188
  15   38  188
  16   46  188
  15   46  188
  16   46  188
   2   51  188
   2   50  188
   2   50  188
   2   50  188
  19   38  188
  19   38  188
   9   34  188
  21   38  188
  21   38  188
   2   50  188
   2   50  188
   1   51  188
  17   43  188
  23   37  188
   2   51  188
   6   51  188
   6   51  188
  21   40  188
  19   41  188
  19   41  189
  19   38  189
  16   46  189
  16   46  189
  11   36  189
  11   36  189
   2   51  189
   2   51  189
   2   50  189
   2   50  189
   2   50  189
  19   38  189
  23   37  189
  11   37  189
  19   38  189
   2   50  189
  16   46  189
  24   36  189
  20   40  189
  15   46  189
   9   34  189
  21   38  189
  21   38  189
  20   41  189
   2   50  189
   1   51  189
  17   43  189
  23   37  189
   2   51  189
   6   51  189
   6   51  189
  23   37  190
  11   36  190
  19   38  190
   6   51  190
   6   51  190
   2   51  190
   2   50  190
  21   38  190
  21   38  190
  24   36  190
  19   38  190
   9   34  190
   2   51  190
   2   51  190
   2   50  190
   2   46  190
   2   50  190
  16   46  190
  16   46  190
  15   46  190
  11   36  190
   2   50  190
  11   36  190
  11   36  190
  11   34  190
  11   36  190
  24   36  191
  11   36  191
   2   51  191
   2   51  191
  20   40  191
   2   50  191
  21   38  191
  21   38  191
  20   41  191
   2   50  191
   2   50  191
  23   37  191
   2   51  191
   6   51  191
   6   51  191
  14   40  191
   2   46  191
  15   51  191
   2   50  191
  19   38  191
  11   37  191
   2   50  191
  11   36  191
  11   34  191
  11   34  191
  11   36  191
  11   36  191
  15   46  191
  16   46  191
  19   38  191
  19   38  192
   6   51  192
  11   36  192
  11   36  192
  11   34  192
  16   46  192
  16   46  192
  15   38  192
  19   38  192
  11   36  192
  19   38  192
   2   50  192
   2   50  192
   2   50  192
   2   50  192
   2   51  192
  11   36  192
  15   46  192
   2   46  192
  11   36  192
   6   51  192
   2   51  192
  23   43  192
  17   43  192
   2   50  192
  20   41  192
  21   38  192
  21   38  192
  24   36  192
  21   40  192
  15   46  193
  16   46  193
  11   36  193
  11   36  193
  23   37  193
  19   38  193
  19   38  193
  19   38  193
  11   36  193
  16   46  193
  21   38  193
   2   50  193
   6   51  193
   6   51  193
   2   51  193
  23   43  193
   2   50  193
   2   50  193
  21   38  193
   9   34  193
   4   44  193
  24   36  193
  20   40  193
   2   51  193
   2   50  193
   2   51  193
   2   50  193
   2   46  193
  11   36  194
  11   36  194
  11   37  194
  11   36  194
  16   46  194
  15   46  194
  16   46  194
   2   46  194
   2   50  194
  11   34  194
   2   51  194
   2   50  194
   2   50  194
  11   36  194
   2   50  194
  23   37  194
  19   38  194
  19   38  194
   6   51  194
   2   51  194
  23   37  194
   2   50  194
   2   50  194
  20   41  194
  21   38  194
  21   38  194
  24   36  194
   6   51  194
  20   40  194
  19   38  195
   2   51  195
  16   46  195
  16   46  195
   2   50  195
   2   50  195
   2   50  195
   2   51  195
   2   51  195
  20   40  195
  21   38  195
   9   34  195
  24   36  195
  21   38  195
   2   50  195
   2   50  195
  23   37  195
   6   51  195
   6   51  195
  19   38  195
  19   38  195
   2   51  195
  11   36  195
  23   37  195
  11   37  195
  11   34  195
  11   36  195
  11   36  195
  20   40  196
   2   50  196
   2   51  196
   2   51  196
   2   50  196
   2   46  196
  16   46  196
   2   50  196
  16   46  196
  19   38  196
  19   38  196
  19   38  196
  23   37  196
   2   50  196
  15   46  196
  24   36  196
  11   36  196
  11   36  196
  11   36  196
  11   36  196
   6   44  196
  15   46  196
  21   38  196
  21   38  196
   2   50  196
   2   50  196
  17   43  196
  23   43  196
   2   51  196
   6   51  196
   6   51  196
   9   34  196
  23   37  197
   6   51  197
   6   51  197
   2   46  197
   1   51  197
  11   36  197
  15   46  197
  16   46  197
  16   46  197
  15   46  197
  11   36  197
  11   36  197
  11   34  197
   8   53  197
   2   51  197
   2   51  197
   2   50  197
   2   50  197
   2   50  197
   2   50  197
  11   38  197
  19   38  197
  19   38  197
  23   43  197
   2   50  197
  21   38  197
  21   38  197
  24   36  197
   9   34  197
  20   40  197
  19   38  197
  11   46  198
  19   38  198
  19   38  198
  23   37  198
  19   38  198
  16   46  198
   2   50  198
   2   50  198
   2   50  198
   2   46  198
   2   50  198
   2   51  198
   2   51  198
  11   36  198
  20   40  198
   4   44  198
  24   36  198
  21   38  198
  21   38  198
   4   31  198
   2   50  198
   2   50  198
   2   51  198
   6   51  198
   6   51  198
  11   36  198
  23   43  198
  11   36  198
  11   36  198
  11   36  198
  15   46  198
   2   46  199
  16   46  199
  16   46  199
  11   36  199
  16   46  199
  11   36  199
  11   34  199
  15   46  199
   2   50  199
  11   36  199
   8   53  199
   2   51  199
   2   51  199
   2   50  199
   2   50  199
  11   46  199
  19   38  199
  23   37  199
  19   38  199
  19   38  199
  11   36  199
  21   38  199
  21   38  199
   2   50  199
   2   50  199
  23   43  199
   2   51  199
  24   36  199
   9   34  199
   4   44  199
  20   40  199
   6   51  199
   6   51  199
  19   38  200
  19   41  200
  19   38  200
  15   46  200
  16   46  200
  16   46  200
   2   50  200
   2   50  200
   2   46  200
   2   50  200
   2   51  200
   2   51  200
   2   50  200
   8   53  200
  24   36  200
  21   38  200
  21   38  200
  20   41  200
   2   50  200
   6   51  200
   6   51  200
   2   51  200
  23   43  200
   2   51  200
   2   50  200
  21   40  200
  23   37  200
  11   36  200
  11   46  200
  11   34  200
  11   36  200
  11   34  200
  11   36  200
  11   36  200
  11   36  200
