   2   50  151
  23   37  151
  19   38  151
  21   38  151
  21   38  151
  24   36  151
   6   44  151
   4   31  151
   4   51  151
  19   38  151
   2   50  151
  11   35  151
  11   35  151
  19   38  151
  16   46  151
  16   46  151
   2   50  151
   9   34  151
   2   46  151
   6   51  151
   6   51  151
  14   50  151
   2   50  151
   9   35  151
  19   41  151
  15   45  152
  19   38  152
  19   38  152
  19   40  152
  16   46  152
  16   45  152
   6   51  152
   6   51  152
  14   50  152
   2   50  152
  21   38  152
  21   38  152
  24   36  152
   9   34  152
   4   31  152
   4   51  152
   2   46  152
   2   50  152
  19   38  152
  16   46  152
  23   37  152
  15   40  152
  11   35  152
  11   35  152
   6   34  152
   6   35  152
   9   35  152
  19   38  153
  19   38  153
  23   37  153
  11   35  153
   9   35  153
   6   35  153
  16   45  153
  15   45  153
   2   46  153
  19   38  153
   6   34  153
   2   50  153
  16   46  153
   4   51  153
   6   51  153
   6   51  153
  14   50  153
  21   38  153
  24   36  153
   4   31  153
   2   50  153
  21   38  153
  14   50  154
   6   34  154
  15   38  154
  16   46  154
  15   45  154
  16   45  154
   2   46  154
  11   35  154
   9   35  154
   6   35  154
  11   35  154
   4   52  154
   4   31  154
   4   51  154
   4   50  154
   2   50  154
   2   50  154
   2   50  154
  19   38  154
   6   51  154
   6   51  154
   9   34  154
  14   50  154
   2   50  154
  21   38  154
  21   38  154
  24   36  154
   9   34  154
  19   40  154
  19   38  154
  19   38  154
  14   51  154
  23   37  154
  19   38  155
  23   37  155
  11   35  155
  11   35  155
   9   34  155
   9   35  155
  16   46  155
  16   45  155
  15   45  155
  19   38  155
   2   46  155
   4   31  155
  15   51  155
   4   51  155
   2   50  155
   2   50  155
   2   50  155
  21   40  155
  24   36  155
  21   38  155
  21   38  155
  19   41  155
  14   50  155
  14   51  155
   6   51  155
   2   50  155
   6   51  155
   4   50  156
   4   31  156
  15   45  156
  19   40  156
  24   36  156
  19   45  156
  16   46  156
   6   35  156
   9   34  156
   9   35  156
  11   35  156
  11   35  156
  23   37  156
   2   46  156
  19   38  156
  19   38  156
   2   50  156
   2   50  156
   4   53  156
   2   50  156
  16   46  156
  19   38  156
   6   51  156
  19   41  156
   6   51  156
  14   51  156
  14   50  156
   2   50  156
  21   38  156
  21   38  156
   6   51  157
  19   38  157
   2   50  157
  23   37  157
   6   51  157
   2   50  157
   4   51  157
  11   36  157
  19   38  157
  17   43  157
   2   50  157
  14   50  157
   4   31  157
  19   41  157
  21   38  157
  21   38  157
  24   36  157
  14   50  157
  19   40  157
   2   46  157
   4   53  157
  11   35  157
  16   45  157
  16   46  157
   6   34  157
   9   35  157
  15   45  157
  16   46  158
   4   51  158
  24   36  158
   6   44  158
  21   38  158
  21   38  158
  14   50  158
   2   50  158
   4   31  158
  14   51  158
   6   51  158
  23   37  158
   2   50  158
   2   50  158
  19   38  158
   4   50  158
  11   35  158
   2   46  158
  16   45  158
  15   45  158
  19   38  158
   2   50  158
  21   38  159
   4   51  159
   9   35  159
   6   35  159
   6   34  159
  16   46  159
  16   45  159
  15   45  159
   2   46  159
  11   35  159
   9   34  159
   4   31  159
   2   50  159
   2   50  159
  19   38  159
  19   38  159
  21   38  159
  24   36  159
   2   50  159
   9   34  159
   8   53  159
  23   37  159
  14   50  159
   6   51  159
   6   51  159
  23   37  160
  11   35  160
   2   50  160
  16   45  160
  15   45  160
  19   38  160
  19   38  160
  19   38  160
   2   50  160
   6   34  160
  16   46  160
   2   46  160
   9   35  160
   4   52  160
   4   51  160
   6   51  160
   6   51  160
  14   50  160
   2   50  160
  21   38  160
  24   36  160
  19   40  160
  19   41  160
  19   38  161
  15   38  161
  19   38  161
  23   37  161
  23   37  161
   2   50  161
   2   50  161
   2   50  161
   4   51  161
   4   53  161
  19   38  161
   4   31  161
   6   34  161
  15   45  161
  16   46  161
   6   35  161
   9   35  161
   9   34  161
  11   35  161
  16   46  161
   2   46  161
   2   50  161
  21   38  161
  24   36  161
   6   34  161
  19   40  161
  23   43  161
   6   51  161
   6   51  161
  17   43  161
  14   50  161
  11   35  162
   9   34  162
   4   31  162
   2   50  162
  19   38  162
  19   38  162
  11   35  162
  23   37  162
   6   35  162
   2   46  162
  15   45  162
  16   45  162
   4   51  162
  19   40  162
  24   36  162
   9   35  162
  16   46  162
  14   50  162
  21   38  162
  21   38  162
   2   50  162
   6   51  162
   6   51  162
   9   34  162
  16   46  163
  14   50  163
   2   50  163
  21   38  163
  21   38  163
   6   51  163
  24   36  163
   4   31  163
  19   38  163
  23   37  163
  19   38  163
   2   50  163
   4   50  163
  15   51  163
   9   34  163
  11   35  163
  16   45  163
  15   45  163
   2   46  163
   9   35  163
   6   51  163
  11   35  164
  23   37  164
  19   38  164
  15   45  164
  15   38  164
   9   35  164
   2   50  164
   2   50  164
  21   38  164
  21   38  164
  24   36  164
   9   34  164
   4   31  164
   6   34  164
   6   35  164
   2   50  164
   2   50  164
   6   51  164
   6   51  164
  14   50  164
  14   50  164
   2   46  164
  16   46  164
  16   45  164
   2   50  165
  23   37  165
  11   36  165
   2   50  165
  15   51  165
   4   51  165
   2   50  165
  19   38  165
  19   38  165
  19   38  165
  15   45  165
  16   45  165
  16   46  165
   9   34  165
  11   35  165
   4   31  165
   9   35  165
   6   51  165
   6   51  165
  14   50  165
   2   50  165
  21   38  165
  21   38  165
  24   36  165
   6   35  165
  19   40  165
  11   35  166
  23   37  166
  19   38  166
  19   38  166
   2   50  166
   6   35  166
   2   50  166
   2   50  166
  19   38  166
   4   52  166
   9   35  166
  16   46  166
  15   45  166
  16   46  166
  21   38  166
   6   51  166
   6   51  166
  14   50  166
   2   50  166
  21   38  166
  24   36  166
   4   51  166
  19   40  166
   4   31  166
   9   34  166
  19   41  167
   2   50  167
  14   51  167
   6   51  167
   6   51  167
  23   37  167
  21   38  167
   2   50  167
  15   40  167
  15   38  167
  19   38  167
  19   41  167
   2   50  167
  16   45  167
  16   46  167
   2   46  167
   4   31  167
  15   45  167
  19   40  167
  11   35  167
  11   35  167
   9   34  167
   9   35  167
   6   35  167
  24   36  167
  21   38  167
   9   34  167
  16   46  168
   6   35  168
  19   41  168
   2   50  168
  14   50  168
  14   50  168
  14   51  168
   6   51  168
   6   51  168
   6   34  168
   6   31  168
   9   35  168
   4   51  168
   2   50  168
   2   50  168
  19   38  168
  23   37  168
  19   38  168
  15   38  168
  19   38  168
  19   41  168
   4   31  168
   2   46  168
  16   45  168
  11   35  168
  21   40  168
  24   36  168
   6   31  168
  21   38  168
  21   38  168
   4   31  169
   9   34  169
  23   37  169
  15   45  169
  16   45  169
  16   46  169
   2   50  169
   2   46  169
   4   51  169
  24   36  169
  19   38  169
  11   35  169
   9   35  169
   6   34  169
   6   35  169
  19   38  169
  21   38  169
  19   40  169
  19   38  169
   6   51  169
   6   51  169
  14   50  169
   2   50  169
  19   41  169
  11   35  169
  21   38  169
   2   46  170
  16   45  170
  15   45  170
   6   35  170
  15   38  170
  15   40  170
   9   35  170
  16   46  170
  19   38  170
   9   34  170
   4   51  170
   2   50  170
   2   50  170
  19   38  170
  11   35  170
   4   31  170
   6   51  170
   6   51  170
  14   50  170
   2   50  170
  21   38  170
  21   38  170
  24   36  170
  19   40  170
   4   51  171
   8   53  171
  19   40  171
  24   36  171
  21   38  171
   2   50  171
  21   38  171
  19   41  171
  14   50  171
  14   51  171
   4   31  171
   2   46  171
  16   46  171
   2   50  171
  16   46  171
  16   45  171
  15   45  171
  19   41  171
  19   38  171
  11   35  171
   6   51  171
  15   45  171
  11   35  171
  15   38  171
   6   35  171
   9   34  171
   2   50  171
   6   51  171
   9   35  171
   6   51  172
   6   51  172
  19   38  172
  15   45  172
  24   36  172
  21   38  172
  21   38  172
   2   50  172
   4   31  172
   4   51  172
   4   50  172
   2   46  172
   2   50  172
  16   46  172
  16   45  172
  14   51  172
  19   40  172
  23   37  172
  19   38  172
  19   38  172
   9   34  172
   6   34  172
  11   35  172
  11   35  172
   9   35  172
  21   38  173
   6   51  173
   6   51  173
  14   51  173
   1   51  173
  14   50  173
   2   50  173
  19   41  173
  21   38  173
   4   50  173
   4   31  173
  19   40  173
  21   40  173
   2   46  173
   2   50  173
  16   46  173
  16   45  173
  15   45  173
  19   38  173
  19   38  173
  19   38  173
  23   37  173
  11   35  173
  11   35  173
   9   35  173
   6   35  173
   6   34  173
   9   34  173
  24   36  173
   4   51  174
  11   36  174
   2   46  174
  16   46  174
  16   45  174
  16   46  174
  15   45  174
  15   51  174
  19   38  174
  19   38  174
  23   37  174
  11   35  174
  11   37  174
   9   35  174
   6   35  174
   4   31  174
  24   36  174
  21   40  174
   6   51  174
  23   35  174
  14   50  174
   6   51  174
  21   38  174
  21   38  174
   9   34  174
  19   41  174
  21   38  175
   6   51  175
   6   51  175
  23   43  175
  23   35  175
  14   50  175
  14   50  175
  21   38  175
   4   31  175
  14   34  175
  24   36  175
  19   40  175
   4   52  175
   4   51  175
   2   46  175
  15   45  175
  16   46  175
  16   46  175
  19   38  175
  11   35  175
  11   35  175
   6   34  175
   9   35  175
   6   35  175
  19   38  175
  15   38  175
  11   35  175
  16   46  176
  24   36  176
  16   45  176
   6   51  176
   6   51  176
  23   43  176
  14   50  176
  19   41  176
  21   38  176
  19   40  176
   4   31  176
   4   51  176
  15   45  176
  19   38  176
  19   38  176
   6   35  176
  11   35  176
  19   38  176
  23   37  176
   6   35  177
  19   38  177
  11   35  177
   9   35  177
  19   38  177
  16   46  177
  11   36  177
  15   45  177
  11   37  177
  23   37  177
  19   41  177
   2   46  177
   6   51  177
  23   43  177
  14   50  177
  14   50  177
  19   41  177
  21   38  177
  23   35  177
  24   36  177
   9   34  177
  14   34  177
  19   40  177
  21   38  177
   2   46  178
   4   31  178
   4   51  178
  19   40  178
  24   36  178
   9   34  178
  19   41  178
  21   38  178
  21   38  178
  23   43  178
   6   51  178
  16   45  178
  14   50  178
  15   45  178
  19   38  178
  23   37  178
  11   35  178
  19   38  178
   6   34  178
  11   35  178
   6   35  178
   9   35  178
  11   35  178
  16   46  178
  19   38  178
  21   38  179
  21   38  179
  11   37  179
  19   38  179
   9   35  179
   6   35  179
   2   46  179
  15   45  179
  11   35  179
  11   35  179
  23   37  179
  19   38  179
   4   51  179
   4   31  179
  24   36  179
   6   44  179
   4   44  179
   9   34  179
  23   35  179
  14   51  179
   6   51  179
  17   43  179
   4   31  180
  21   38  180
  14   50  180
  17   43  180
  23   35  180
   6   51  180
   6   51  180
  11   37  180
  16   46  180
  23   37  180
   2   46  180
  11   35  180
   9   35  180
   6   35  180
  11   35  180
  19   38  180
   9   34  180
  16   46  180
  15   45  180
  16   45  180
  19   38  180
  24   36  180
   4   44  180
  21   38  180
  19   38  181
  21   38  181
   6   35  181
  11   37  181
  11   35  181
  11   35  181
  23   37  181
  19   38  181
  19   41  181
  15   45  181
  16   46  181
  16   45  181
   2   46  181
   4   51  181
  21   40  181
  24   36  181
  14   50  181
   9   34  181
  21   38  181
  17   43  181
  23   35  181
  14   51  181
  15   45  181
  15   38  181
   9   35  181
  11   35  182
  21   38  182
  21   38  182
  24   36  182
   9   34  182
  19   38  182
  11   35  182
  16   45  182
  19   41  182
  19   41  182
  15   45  182
  16   46  182
  16   46  182
   4   53  182
  14   50  182
   9   35  182
  17   43  182
  19   41  182
   9   34  182
  23   35  182
  19   38  182
   6   35  182
  16   45  183
  19   38  183
  19   38  183
  19   41  183
  15   45  183
  16   46  183
  16   46  183
  14   51  183
  19   41  183
  24   36  183
  21   38  183
  21   38  183
  23   35  183
   2   46  183
  15   38  183
  11   37  183
  11   35  183
   9   35  183
   6   35  183
  23   37  183
   4   53  184
  21   40  184
  24   36  184
  21   38  184
  21   38  184
  14   50  184
   1   53  184
  17   43  184
   6   51  184
   2   46  184
   2   50  184
  15   45  184
   2   50  184
  19   41  184
  16   46  184
  16   46  184
  16   45  184
  19   38  184
  19   38  184
  23   37  184
  11   36  184
  11   35  184
  11   35  184
   6   35  184
  15   38  184
   2   50  184
  19   38  185
   6   51  185
  11   37  185
  19   38  185
   2   50  185
   2   50  185
   4   51  185
   6   35  185
  11   35  185
  16   45  185
  15   45  185
  19   41  185
  14   51  185
  23   35  185
  17   43  185
  14   50  185
   2   50  185
  21   38  185
  21   38  185
   9   34  185
  24   36  185
  21   40  185
   6   51  186
   9   34  186
   6   51  186
   6   35  186
  15   38  186
  16   46  186
  15   45  186
  16   45  186
   9   35  186
  11   35  186
   2   50  186
   2   50  186
   4   50  186
  19   38  186
  23   37  186
  19   38  186
  19   41  186
   2   50  186
  11   35  186
  14   51  186
  23   43  186
  14   50  186
  21   38  186
  21   38  186
  24   36  186
   9   34  186
  17   43  186
  15   45  187
  16   45  187
  11   35  187
  16   46  187
   2   46  187
   6   35  187
   9   35  187
   4   50  187
   4   52  187
   4   31  187
   2   50  187
   2   50  187
  16   46  187
  19   38  187
  11   35  187
   6   51  187
  19   38  187
  23   37  187
  11   35  187
  23   37  187
  23   43  187
   6   51  187
  14   51  187
  23   43  187
  14   50  187
   2   50  187
  21   38  187
  21   38  187
  24   36  187
   9   34  187
  17   43  187
  24   36  188
  23   37  188
  11   35  188
  11   37  188
   9   35  188
   9   34  188
   6   35  188
  15   38  188
  16   46  188
  15   45  188
  16   45  188
   4   31  188
   4   50  188
   2   50  188
   2   50  188
  19   38  188
  19   38  188
   9   34  188
  21   38  188
  21   38  188
   2   50  188
  14   50  188
   1   51  188
  17   43  188
  23   35  188
  14   51  188
   6   51  188
   6   51  188
  21   40  188
  19   41  188
  19   41  189
  19   38  189
  16   45  189
  16   46  189
   6   35  189
  11   35  189
   4   31  189
   4   51  189
   4   50  189
   2   50  189
   2   50  189
  19   38  189
  23   37  189
  11   37  189
  19   38  189
   2   50  189
  16   46  189
  24   36  189
  19   40  189
  15   45  189
   9   34  189
  21   38  189
  21   38  189
  19   41  189
   2   50  189
   1   51  189
  17   43  189
  23   35  189
  14   51  189
   6   51  189
   6   51  189
  23   37  190
  11   35  190
  19   38  190
   6   51  190
   6   51  190
  14   51  190
   2   50  190
  21   38  190
  21   38  190
  24   36  190
  19   38  190
   9   34  190
   4   52  190
   4   51  190
   2   50  190
   2   46  190
   2   50  190
  16   46  190
  16   45  190
  15   45  190
   9   35  190
   2   50  190
  11   35  190
  11   36  190
   9   34  190
   6   35  190
  24   36  191
   9   35  191
   4   51  191
   4   31  191
  19   40  191
   4   50  191
  21   38  191
  21   38  191
  19   41  191
   2   50  191
  14   50  191
  23   35  191
  14   51  191
   6   51  191
   6   51  191
  14   34  191
   2   46  191
  15   51  191
   2   50  191
  19   38  191
  11   37  191
   2   50  191
  11   36  191
   9   34  191
   6   34  191
  11   35  191
   6   35  191
  15   45  191
  16   45  191
  19   38  191
  19   38  192
   6   51  192
   9   35  192
   6   35  192
   6   34  192
  16   46  192
  16   45  192
  15   38  192
  19   38  192
  11   35  192
  19   38  192
   2   50  192
   2   50  192
   2   50  192
   4   50  192
   4   31  192
  11   35  192
  15   45  192
   2   46  192
  11   35  192
   6   51  192
  14   51  192
  23   43  192
  17   43  192
   2   50  192
  19   41  192
  21   38  192
  21   38  192
  24   36  192
  21   40  192
  15   45  193
  16   46  193
   9   35  193
  11   35  193
  23   37  193
  19   38  193
  19   38  193
  19   38  193
   6   35  193
  16   46  193
  21   38  193
   2   50  193
   6   51  193
   6   51  193
  14   51  193
  23   43  193
  14   50  193
   2   50  193
  21   38  193
   9   34  193
   4   44  193
  24   36  193
  19   40  193
   4   31  193
   4   50  193
   4   51  193
   2   50  193
   2   46  193
   9   35  194
  11   35  194
  11   37  194
   6   35  194
  16   46  194
  15   45  194
  16   46  194
   2   46  194
   2   50  194
   9   34  194
   4   51  194
   4   50  194
   2   50  194
  11   35  194
   2   50  194
  23   37  194
  19   38  194
  19   38  194
   6   51  194
  14   51  194
  23   35  194
  14   50  194
   2   50  194
  19   41  194
  21   38  194
  21   38  194
  24   36  194
   6   51  194
  19   40  194
  19   38  195
   4   52  195
  16   45  195
  16   46  195
   2   50  195
   2   50  195
   4   50  195
   4   31  195
   4   51  195
  19   40  195
  21   38  195
   9   34  195
  24   36  195
  21   38  195
   2   50  195
  14   50  195
  23   35  195
   6   51  195
   6   51  195
  19   38  195
  19   38  195
  14   51  195
  11   35  195
  23   37  195
  11   37  195
   9   34  195
   9   35  195
   6   35  195
  19   40  196
   4   50  196
   4   31  196
   4   51  196
   2   50  196
   2   46  196
  16   46  196
   2   50  196
  16   46  196
  19   38  196
  19   38  196
  19   38  196
  23   37  196
   2   50  196
  15   45  196
  24   36  196
   6   35  196
   9   35  196
  11   35  196
  11   35  196
   6   44  196
  15   45  196
  21   38  196
  21   38  196
   2   50  196
  14   50  196
  17   43  196
  23   43  196
  14   51  196
   6   51  196
   6   51  196
   9   34  196
  23   37  197
   6   51  197
   6   51  197
   2   46  197
   1   51  197
   6   35  197
  15   45  197
  16   46  197
  16   45  197
  15   45  197
  11   35  197
   9   35  197
   9   34  197
   8   53  197
   4   31  197
   4   51  197
   4   50  197
   2   50  197
   2   50  197
   2   50  197
  11   38  197
  19   38  197
  19   38  197
  23   43  197
  14   50  197
  21   38  197
  21   38  197
  24   36  197
   9   34  197
  19   40  197
  19   38  197
  11   27  198
  19   38  198
  19   38  198
  23   37  198
  19   38  198
  16   46  198
   2   50  198
   2   50  198
   2   50  198
   2   46  198
   4   50  198
   4   31  198
   4   51  198
  11   35  198
  19   40  198
   4   44  198
  24   36  198
  21   38  198
  21   38  198
   4   31  198
   2   50  198
  14   50  198
  14   50  198
   6   51  198
   6   51  198
  11   35  198
  23   43  198
  11   35  198
   9   35  198
   6   35  198
  15   45  198
   2   46  199
  16   46  199
  16   45  199
   6   35  199
  16   46  199
   9   35  199
   9   34  199
  15   45  199
   2   50  199
  11   35  199
   8   53  199
   4   52  199
   4   31  199
   4   50  199
   2   50  199
  11   27  199
  19   38  199
  23   37  199
  19   38  199
  19   38  199
  11   35  199
  21   38  199
  21   38  199
   2   50  199
  14   50  199
  23   43  199
  14   51  199
  24   36  199
   9   34  199
   4   44  199
  19   40  199
   6   51  199
   6   51  199
  19   38  200
  19   41  200
  19   38  200
  15   45  200
  16   46  200
  16   45  200
   2   50  200
   2   50  200
   2   46  200
   2   50  200
   4   51  200
   4   31  200
   4   50  200
   8   53  200
  24   36  200
  21   38  200
  21   38  200
  19   41  200
   2   50  200
   6   51  200
   6   51  200
  14   51  200
  23   43  200
  14   50  200
  14   50  200
  21   40  200
  23   37  200
  11   36  200
  11   27  200
   9   34  200
  11   35  200
   6   34  200
   6   35  200
  11   35  200
   9   35  200
