  51   51  126
  11   51  126
   4   51  126
  11   51  126
  11   51  126
   4   51  126
  11   51  126
  11   51  126
  11   51  126
   6   51  126
  51    2  126
   6   51  126
   6   51  126
  11   51  126
  51   51  126
   6   51  126
  51   51  126
  51   51  127
   2   50  127
  11   51  127
  11   51  127
  11   51  127
  11   51  127
  11   51  127
   4   51  127
   4   51  127
   6   50  127
  11   51  127
  11   51  127
   2   51  127
  51    2  127
   6   51  127
   4   51  127
   6   51  127
   6   51  127
   6   51  127
  51   51  127
   6   51  127
  11   51  128
   6   51  128
   6   51  128
   6   51  128
  51   51  128
  51    2  128
  11   51  128
   2   51  128
  51   51  128
   4   51  128
   4   51  128
   6   50  128
   6   51  128
   4   51  128
  11   51  128
   6   51  128
  11   51  128
  11   51  128
  11   51  128
  11   51  129
   6   51  129
  11   51  129
  11   51  129
  11   51  129
  11   51  129
   4   51  129
   6   50  129
   6   51  129
   4   51  129
   4   51  129
   6   51  129
  51   51  129
   6   51  129
   6   51  129
   2   51  129
  11   51  129
   2   50  129
  11   51  129
   6   51  129
  11   51  129
  51   51  129
  11   51  129
  11   51  129
   6   51  130
  11   51  130
  11   51  130
  11   51  130
   6   51  130
   4   51  130
   6   50  130
   2   50  130
  11   51  130
  11   51  130
  11   51  130
  11   51  130
  11   51  130
  11   51  130
   4   51  130
   4   51  130
   6   51  130
  51   51  130
   6   51  130
   6   51  130
  51   51  130
   6   51  130
   6   51  131
  11   51  131
   4   51  131
   4   51  131
   6   51  131
   6   51  131
   6   50  131
   2   50  131
   4   51  131
   4   51  131
  51   51  131
   6   51  131
   6   51  131
   6   51  131
   2   51  131
  51   51  131
  11   51  131
  11   51  131
  11   51  131
  11   51  131
  11   51  131
  11   51  131
   6   51  131
  11   51  132
  11   51  132
  11   51  132
  11   51  132
   6   51  132
   4   51  132
   6   50  132
  11   51  132
  11   51  132
  11   51  132
   4   51  132
   4   51  132
   4   51  132
  11   51  132
   6   51  132
  51   51  132
   6   51  132
   6   51  132
   2   51  132
   2   51  132
  51   51  132
   6   51  132
   6   51  132
  11   51  133
  11   51  133
  11   51  133
  11   51  133
  11   51  133
   6   51  133
   6   50  133
   6   51  133
  51   51  133
  11   51  133
  51    2  133
   6   51  133
  11   51  133
   2   50  133
  11   51  133
  11   51  133
   4   51  133
   2   51  133
   6   51  133
  51   51  133
   6   51  133
  51   51  133
  11   51  134
  11   51  134
  11   51  134
  11   51  134
  11   51  134
  11   51  134
   4   51  134
   4   51  134
   4   51  134
  11   51  134
   2   51  134
  51   51  134
   6   51  134
   6   51  134
  11   51  134
  11   51  134
   2   50  134
   6   50  134
   4   51  134
   6   51  134
  51   51  134
  51   51  134
   6   51  134
   6   51  134
   6   51  135
  11   51  135
  11   51  135
  11   51  135
  11   51  135
  11   51  135
   4   51  135
   6   51  135
  51   51  135
  11   51  135
   2   51  135
   6   51  135
  51   51  135
   4   51  135
   4   51  135
   4   51  135
   2   50  135
   6   50  135
  11   51  135
   6   51  135
  11   51  135
   6   51  135
  11   51  136
   6   51  136
   6   51  136
   4   51  136
  11   51  136
  11   51  136
  11   51  136
  11   51  136
   4   51  136
   4   51  136
  11   51  136
   6   50  136
   2   51  136
   6   51  136
   6   51  136
  51   51  136
   6   51  136
   6   51  136
  11   51  137
  51   51  137
   4   51  137
   4   51  137
   2   50  137
   6   50  137
   6   51  137
  11   51  137
   6   51  137
  11   51  137
  11   51  137
  11   51  137
  11   51  137
   4   51  137
  11   51  137
   6   51  137
   2   51  137
  11   51  137
  11   51  137
  11   51  137
   2   51  137
   6   51  137
  51   51  137
  11   51  138
  11   51  138
   4   51  138
   6   51  138
  11   51  138
   6   51  138
  51   51  138
   6   51  138
   4   51  138
   4   51  138
   2   50  138
  11   51  138
  11   51  138
  11   51  138
  11   51  138
  11   51  138
   6   50  138
   6   51  138
  11   51  138
   6   51  138
   6   51  138
   2   51  138
   6   51  138
  11   51  139
  11   51  139
  11   51  139
  11   51  139
  11   51  139
  11   51  139
  11   51  139
  11   51  139
  11   51  139
   4   51  139
   6   51  139
   2   50  139
   6   50  139
   4   51  139
   6   51  139
  51   51  139
   6   51  139
   6   51  139
   6   51  139
   6   51  139
   6   51  139
   6   51  139
   2   51  139
  11   51  140
   6   50  140
  11   51  140
  11   51  140
  11   51  140
   6   51  140
  11   51  140
  11   51  140
  11   51  140
   4   51  140
  11   51  140
   6   51  140
   4   51  140
   2   51  140
   6   51  140
   6   51  140
  51   51  140
   6   51  140
   4   51  140
  11   51  140
   6   51  140
  11   51  141
  11   51  141
  11   51  141
  11   51  141
  11   51  141
  11   51  141
  11   51  141
  11   51  141
  11   51  141
  11   51  141
  11   51  141
   6   51  141
   4   51  141
   6   50  141
  11   51  141
  11   51  141
   6   51  141
   6   51  141
  51   51  141
   2   51  141
   6   51  141
   6   51  141
   6   51  141
  51   51  141
   6   51  141
   2   50  141
  11   51  142
  11   51  142
  11   51  142
  11   51  142
  11   51  142
  11   51  142
   4   51  142
   6   51  142
   4   51  142
  11   51  142
   6   51  142
  51   51  142
   6   51  142
   6   51  142
   6   51  142
   2   51  142
   6   51  142
   6   51  142
   2   50  142
  11   51  142
  11   51  142
  11   51  142
  11   51  142
  11   51  142
  11   51  142
  51   51  143
   4   51  143
   4   51  143
   6   50  143
   4   51  143
   6   51  143
  11   51  143
   6   51  143
   2   51  143
  51   51  143
   6   51  143
   6   51  143
   6   51  143
   6   51  143
   6   51  143
  11   51  143
  11   51  143
  11   51  143
  11   51  143
  11   51  143
  11   51  143
  11   51  143
  11   51  143
  11   51  143
  11   51  144
   4   51  144
  11   51  144
  11   51  144
  11   51  144
   6   51  144
   6   51  144
  11   51  144
   2   50  144
   4   51  144
   4   51  144
   6   51  144
   6   50  144
   6   51  144
   2   51  144
  11   51  144
  11   51  144
   6   51  144
  51   51  144
   6   51  144
   6   51  144
  51   51  144
  11   51  145
   4   51  145
   6   50  145
   6   51  145
   2   50  145
   4   51  145
   4   51  145
  51   51  145
   6   51  145
   2   51  145
  51   51  145
   6   51  145
   6   51  145
  11   51  145
   6   51  145
  11   51  145
  11   51  145
  11   51  145
  11   51  145
  11   51  145
  11   51  146
   4   51  146
   4   51  146
   6   50  146
   6   51  146
   6   51  146
   2   50  146
   4   51  146
   4   51  146
   2   51  146
  51   51  146
  51   51  146
  51   51  146
   6   51  146
   6   51  146
  51   51  146
   6   51  146
   6   51  146
  11   51  146
  11   51  146
  11   51  146
  11   51  146
  11   51  146
  11   51  146
   6   51  147
   6   50  147
  11   51  147
   4   51  147
  11   51  147
  11   51  147
  11   51  147
  11   51  147
  11   51  147
   6   51  147
  51   51  147
   4   51  147
   2   50  147
   6   51  147
   6   51  147
  51   51  147
   2   51  147
   6   51  147
   4   51  147
   6   51  147
   6   51  147
   6   51  147
   4   51  148
   4   51  148
   2   50  148
   2   51  148
  11   51  148
   6   51  148
   6   51  148
  11   51  148
   6   50  148
  51   51  148
   6   51  148
   6   51  148
   2   51  148
   2   51  148
   6   51  148
   6   51  148
   4   51  148
  11   51  148
  11   51  148
  11   51  148
  11   51  148
  11   51  148
  11   51  148
  11   51  149
  11   51  149
   2   51  149
   2   51  149
  51   51  149
   2   50  149
   4   51  149
   4   51  149
   6   51  149
   6   51  149
   2   51  149
   6   51  149
   2   51  149
   4   51  149
   6   51  149
   6   51  149
  51   51  149
   6   51  149
   6   51  149
   6   51  149
   2   51  149
   4   51  149
  11   51  149
   4   51  149
  11   51  149
  11   51  149
  11   51  149
  11   51  149
   6   51  150
   6   51  150
   4   51  150
   2   51  150
   2   51  150
   6   51  150
  11   51  150
   4   51  150
   2   51  150
   6   51  150
   6   50  150
   4   51  150
  11   51  150
  11   51  150
  11   51  150
  11   51  150
   6   51  150
  11   51  150
  11   51  150
   2   50  150
  11   51  150
  11   51  150
   6   51  150
   6   51  150
   6   50  150
   4   51  150
   6   51  150
  51   51  150
   6   51  150
   2   51  151
  11   51  151
  11   51  151
   6   51  151
   6   51  151
  51   51  151
   6   51  151
   4   51  151
   4   51  151
  11   51  151
   2   51  151
  11   51  151
  11   51  151
  11   51  151
   6   51  151
   6   50  151
  11   51  151
  11   51  151
   2   50  151
   6   51  151
   6   51  151
   2   51  151
   2   51  151
  11   51  151
   6   51  151
   4   51  152
  11   51  152
  11   51  152
   6   51  152
   6   51  152
   6   51  152
   6   51  152
   6   51  152
   2   51  152
   2   51  152
   6   51  152
   6   51  152
  51   51  152
  51   51  152
   4   51  152
   4   51  152
   2   50  152
  11   51  152
  11   51  152
   6   50  152
  11   51  152
  11   51  152
  11   51  152
  11   51  152
  11   51  152
  11   51  152
  11   51  152
  11   51  153
  11   51  153
  11   51  153
  11   51  153
  11   51  153
  11   51  153
   6   51  153
   4   51  153
   2   50  153
  11   51  153
  11   51  153
   2   51  153
   6   51  153
   4   51  153
   6   51  153
   6   51  153
   2   51  153
   6   51  153
  51   51  153
   4   51  153
   2   51  153
   6   51  153
   2   51  154
  11   51  154
  11   51  154
   6   51  154
   4   51  154
   6   51  154
   2   50  154
  11   51  154
  11   51  154
  11   51  154
  11   51  154
   4   51  154
   4   51  154
   4   51  154
   4   51  154
   2   51  154
   2   51  154
  11   51  154
  11   51  154
   6   51  154
   6   51  154
  11   51  154
   2   51  154
   2   51  154
   6   51  154
   6   51  154
  51   51  154
  51   51  154
   6   51  154
  11   51  154
  11   51  154
   2   51  154
  11   51  154
  11   51  155
  11   51  155
  11   51  155
  11   51  155
  11   51  155
  11   51  155
   6   51  155
   6   51  155
   4   51  155
  11   51  155
   2   50  155
   4   51  155
   4   51  155
   4   51  155
   2   51  155
  11   51  155
   2   51  155
   4   51  155
  51   51  155
   6   51  155
   6   51  155
   6   51  155
   2   51  155
   2   51  155
   6   51  155
   2   51  155
   6   51  155
   4   51  156
   4   51  156
   4   51  156
   6   51  156
  51   51  156
  11   51  156
   6   51  156
  11   51  156
  11   51  156
  11   51  156
  11   51  156
  11   51  156
  11   51  156
   2   50  156
  11   51  156
  11   51  156
   2   51  156
  11   51  156
   4   51  156
   2   51  156
   6   50  156
  11   51  156
   6   51  156
   6   51  156
   6   51  156
   2   51  156
   2   51  156
   2   51  156
   6   51  156
   6   51  156
   6   51  157
  11   51  157
  11   51  157
  11   51  157
   6   51  157
   2   51  157
   4   51  157
  11   51  157
  11   51  157
  51   51  157
   2   51  157
   2   51  157
   4   51  157
   6   51  157
   6   51  157
   6   51  157
  51   51  157
   6   50  157
   6   51  157
   2   50  157
   4   51  157
  11   51  157
   6   51  157
   6   50  157
  11   51  157
  11   51  157
   4   51  157
   6   51  158
   4   51  158
  51   51  158
   6   51  158
   6   51  158
   6   51  158
   2   51  158
   2   51  158
   4   51  158
   2   51  158
   6   51  158
  11   51  158
   2   51  158
  11   51  158
  11   51  158
   4   51  158
  11   51  158
   2   50  158
   6   51  158
   4   51  158
  11   51  158
   2   51  158
   6   51  159
   4   51  159
  11   51  159
  11   51  159
  11   51  159
   6   51  159
   6   51  159
   4   51  159
   2   50  159
  11   51  159
  11   51  159
   4   51  159
   2   51  159
   2   51  159
  11   51  159
  11   51  159
   6   51  159
  51   51  159
   2   51  159
  51   51  159
  51   51  159
  11   51  159
   2   51  159
   6   51  159
   6   51  159
  11   51  160
  11   51  160
  11   51  160
   6   51  160
   4   51  160
  11   51  160
  11   51  160
  11   51  160
   2   51  160
  11   51  160
   6   51  160
   2   50  160
  11   51  160
   4   51  160
   4   51  160
   6   51  160
   6   51  160
   2   51  160
   2   51  160
   6   51  160
  51   51  160
   6   51  160
   6   51  160
  11   51  161
  11   51  161
  11   51  161
  11   51  161
  11   51  161
  11   51  161
   2   51  161
   2   51  161
   4   51  161
   4   51  161
  11   51  161
   4   51  161
  11   51  161
   4   51  161
   6   51  161
  11   51  161
  11   51  161
  11   51  161
  11   51  161
   6   50  161
   2   50  161
   2   51  161
   6   51  161
  51   51  161
   6   51  161
   6   51  161
  51   51  161
   6   51  161
   6   51  161
  51   51  161
   2   51  161
  11   51  162
  11   51  162
   4   51  162
   2   51  162
  11   51  162
  11   51  162
  11   51  162
  11   51  162
  11   51  162
   2   50  162
   4   51  162
   6   51  162
   4   51  162
   6   51  162
  51   51  162
  11   51  162
   6   51  162
   2   51  162
   6   51  162
   6   51  162
   2   51  162
   6   51  162
   6   51  162
  51   51  162
   6   51  163
   2   51  163
   2   51  163
   6   51  163
   6   51  163
   6   51  163
  51   51  163
   4   51  163
  11   51  163
  11   51  163
  11   51  163
   2   51  163
   4   51  163
   4   51  163
  11   51  163
  11   51  163
   6   51  163
   4   51  163
   2   50  163
  11   51  163
   6   51  163
  11   51  164
  11   51  164
  11   51  164
   4   51  164
  11   51  164
  11   51  164
   2   51  164
   2   51  164
   6   51  164
   6   51  164
  51   51  164
  51   51  164
   4   51  164
  11   51  164
  11   51  164
  11   51  164
   2   51  164
   6   51  164
   6   51  164
   2   51  164
   2   51  164
   2   50  164
   6   50  164
   6   51  164
   2   51  165
  11   51  165
  11   51  165
   2   51  165
   4   51  165
   4   51  165
  11   51  165
  11   51  165
  11   51  165
  11   51  165
   4   51  165
   6   51  165
   6   50  165
  11   51  165
  11   51  165
   4   51  165
  11   51  165
   6   51  165
   6   51  165
   2   51  165
   2   51  165
   6   51  165
   6   51  165
  51   51  165
  11   51  165
   6   51  165
  11   51  166
  11   51  166
  11   51  166
  11   51  166
   2   51  166
  11   51  166
   2   51  166
  11   51  166
  11   51  166
   4   51  166
  11   51  166
   6   50  166
   4   51  166
   6   51  166
   6   51  166
   6   51  166
   6   51  166
   2   51  166
   2   51  166
   6   51  166
  51   51  166
   4   51  166
   6   51  166
   4   51  166
  51   51  166
   6   51  167
   2   51  167
   2   51  167
   6   51  167
   6   51  167
  11   51  167
   6   51  167
   2   51  167
  11   51  167
  11   51  167
  11   51  167
  11   51  167
   2   51  167
   6   51  167
   6   51  167
   2   50  167
   4   51  167
   4   51  167
   6   51  167
  11   51  167
  11   51  167
  11   51  167
  11   51  167
  11   51  167
  51   51  167
   6   51  167
  51   51  167
   6   51  168
  11   51  168
   6   51  168
   2   51  168
   2   51  168
   2   51  168
   2   51  168
   6   51  168
   6   51  168
  11   51  168
  11   51  168
  11   51  168
   4   51  168
   2   51  168
   2   51  168
  11   51  168
  11   51  168
  11   51  168
  11   51  168
  11   51  168
  11   51  168
   4   51  168
   2   50  168
   6   51  168
  11   51  168
   4   51  168
  51   51  168
   6   51  168
   6   51  168
   6   51  168
   4   51  169
  11   51  169
  11   51  169
   4   51  169
   6   51  169
   6   51  169
   2   51  169
   2   50  169
   4   51  169
  51   51  169
  11   51  169
  11   51  169
  11   51  169
  11   51  169
  11   51  169
  11   51  169
   6   51  169
   6   51  169
  11   51  169
   6   51  169
   6   51  169
   2   51  169
   2   51  169
   6   51  169
  11   51  169
   6   51  169
   2   50  170
   6   51  170
   4   51  170
  11   51  170
  11   51  170
  11   51  170
  11   51  170
   6   51  170
  11   51  170
  11   51  170
   4   51  170
  11   51  170
   2   51  170
  11   51  170
  11   51  170
   4   51  170
   6   51  170
   6   51  170
   2   51  170
   2   51  170
   6   51  170
   6   51  170
  51   51  170
   6   51  170
   4   51  171
  11   51  171
   6   51  171
  51   51  171
   6   51  171
   2   51  171
   6   51  171
   6   51  171
   2   51  171
   2   51  171
   4   51  171
   2   50  171
   6   51  171
   2   51  171
   6   50  171
   6   51  171
   4   51  171
  11   51  171
  11   51  171
  11   51  171
   6   51  171
  11   51  171
  11   51  171
  11   51  171
  11   51  171
  11   51  171
   2   51  171
   6   51  171
  11   51  171
   6   51  172
   6   51  172
  11   51  172
   4   51  172
  51   51  172
   6   51  172
   6   51  172
   2   51  172
   4   51  172
   4   51  172
   4   51  172
   2   50  172
   2   51  172
   6   51  172
   6   51  172
   2   51  172
   6   51  172
  11   51  172
  11   51  172
  11   51  172
  11   51  172
  11   51  172
  11   51  172
  11   51  172
  11   51  172
   6   51  173
   6   51  173
   6   51  173
   2   51  173
   4   51  173
   2   51  173
   2   51  173
   6   51  173
   6   51  173
   4   51  173
   4   51  173
   6   51  173
   4   51  173
   2   50  173
   2   51  173
   6   51  173
   6   51  173
   4   51  173
  11   51  173
  11   51  173
  11   51  173
  11   51  173
  11   51  173
  11   51  173
  11   51  173
  11   51  173
  11   51  173
  51   51  173
  51   51  173
   4   51  174
  11   51  174
   2   50  174
   6   51  174
   6   51  174
   6   50  174
   4   51  174
   4   51  174
  11   51  174
  11   51  174
  11   51  174
  11   51  174
  11   51  174
  11   51  174
  11   51  174
   4   51  174
  51   51  174
   4   51  174
   6   51  174
  51   51  174
   2   51  174
   6   51  174
   6   51  174
   6   51  174
  51   51  174
   6   51  174
   6   51  175
   6   51  175
   6   51  175
  51    2  175
  51   51  175
   2   51  175
   2   51  175
   6   51  175
   4   51  175
   6   36  175
  51   51  175
   6   51  175
   4   51  175
   4   51  175
   2   50  175
   4   51  175
   6   50  175
   6   51  175
  11   51  175
  11   51  175
  11   51  175
  11   51  175
  11   51  175
  11   51  175
  11   51  175
  11   51  175
  11   51  175
   6   50  176
  51   51  176
   6   51  176
   6   51  176
   6   51  176
  51    2  176
   2   51  176
   6   51  176
   6   51  176
   6   51  176
   4   51  176
   4   51  176
   4   51  176
  11   51  176
  11   51  176
  11   51  176
  11   51  176
  11   51  176
  11   51  176
  11   51  177
  11   51  177
  11   51  177
  11   51  177
  11   51  177
   6   50  177
  11   51  177
   4   51  177
  11   51  177
  11   51  177
  11   51  177
   2   50  177
   6   51  177
  51    2  177
   2   51  177
   2   51  177
   6   51  177
   6   51  177
  51   51  177
  51   51  177
  51   51  177
   6   36  177
   6   51  177
   6   51  177
   2   50  178
   4   51  178
   4   51  178
   6   51  178
  51   51  178
  51   51  178
   6   51  178
   6   51  178
   6   51  178
  51    2  178
   6   51  178
   6   51  178
   2   51  178
   4   51  178
  11   51  178
  11   51  178
  11   51  178
  11   51  178
  11   51  178
  11   51  178
  11   51  178
  11   51  178
  11   51  178
   6   51  178
  11   51  178
   6   51  179
   6   51  179
  11   51  179
  11   51  179
  11   51  179
  11   51  179
   2   50  179
   4   51  179
  11   51  179
  11   51  179
  11   51  179
  11   51  179
   4   51  179
   4   51  179
  51   51  179
   6   51  179
   4   51  179
  51   51  179
  51   51  179
   2   51  179
   6   51  179
  51   51  179
   4   51  180
   6   51  180
   2   51  180
  51   51  180
  51   51  180
   6   51  180
   6   51  180
  11   51  180
   6   50  180
  11   51  180
   2   50  180
  11   51  180
  11   51  180
  11   51  180
  11   51  180
  11   51  180
  51   51  180
   6   51  180
   4   51  180
   6   51  180
  11   51  180
  51   51  180
   4   51  180
   6   51  180
  11   51  181
   6   51  181
  11   51  181
  11   51  181
  11   51  181
  11   51  181
  11   51  181
  11   51  181
  11   51  181
   4   51  181
   6   51  181
   6   51  181
   2   50  181
   4   51  181
   4   51  181
  51   51  181
   6   50  181
  51   51  181
   6   51  181
  51   51  181
  51   51  181
   2   51  181
  11   51  181
  11   51  181
  11   51  181
  11   51  182
   6   51  182
   6   51  182
  51   51  182
  51   51  182
  11   51  182
  11   51  182
   6   51  182
  11   51  182
   6   51  182
   4   51  182
   6   50  182
   6   51  182
   4   51  182
   2   51  182
  11   51  182
  51   51  182
  11   51  182
  11   51  182
  51   51  182
  11   51  182
  11   51  182
   6   51  183
  11   51  183
  11   51  183
  11   51  183
   4   51  183
   6   51  183
   6   50  183
   2   51  183
   6   51  183
  51   51  183
   6   51  183
   6   51  183
  51   51  183
   2   50  183
  11   51  183
  11   51  183
  11   51  183
  11   51  183
  11   51  183
  11   51  183
   4   51  184
   4   51  184
  51   51  184
   6   51  184
   6   51  184
   2   51  184
   4   51  184
  51   51  184
   6   51  184
   2   50  184
   2   51  184
   4   51  184
   2   51  184
  11   51  184
   6   50  184
   6   51  184
   6   51  184
  11   51  184
  11   51  184
  11   51  184
  11   51  184
  11   51  184
  11   51  184
  11   51  184
  11   51  184
  11   51  184
  11   51  185
   6   51  185
  11   51  185
  11   51  185
   2   51  185
   2   51  185
   4   51  185
  11   51  185
  11   51  185
   6   51  185
   4   51  185
  11   51  185
   2   51  185
  51   51  185
  51   51  185
   2   51  185
   2   51  185
   6   51  185
   6   51  185
  51   51  185
  51   51  185
   4   51  185
   6   51  186
  11   51  186
   6   51  186
  11   51  186
  11   51  186
   6   51  186
   4   51  186
   6   51  186
  11   51  186
  11   51  186
   2   51  186
   2   51  186
   4   51  186
  11   51  186
  11   51  186
  11   51  186
  11   51  186
  11   51  186
  11   51  186
   2   51  186
  51    2  186
   2   51  186
   6   51  186
   6   51  186
  51   51  186
  51   51  186
  51   51  186
   4   51  187
   6   51  187
  11   51  187
   6   50  187
   2   50  187
  11   51  187
  11   51  187
   4   51  187
   4   51  187
   4   51  187
   2   51  187
   2   51  187
   6   51  187
  11   51  187
  11   51  187
   6   51  187
  11   51  187
  11   51  187
  11   51  187
  11   51  187
  51   51  187
   6   51  187
   2   51  187
  51    2  187
   2   51  187
   2   51  187
   6   51  187
   6   51  187
  51   51  187
  51   51  187
  51   51  187
  51   51  188
  11   51  188
  11   51  188
  11   51  188
  11   51  188
  11   51  188
  11   51  188
  11   51  188
   6   51  188
   4   51  188
   6   51  188
   4   51  188
   4   51  188
  11   51  188
   2   51  188
  11   51  188
  11   51  188
  51   51  188
   6   51  188
   6   51  188
   2   51  188
   2   51  188
   4   51  188
  51   51  188
  51   51  188
   2   51  188
   6   51  188
   6   51  188
   4   51  188
  11   51  188
  11   51  189
  11   51  189
   6   51  189
   6   50  189
  11   51  189
  11   51  189
   4   51  189
   4   51  189
   4   51  189
  11   51  189
   2   51  189
  11   51  189
  11   51  189
  11   51  189
  11   51  189
   2   51  189
   6   51  189
  51   51  189
   6   51  189
   4   51  189
  51   51  189
   6   51  189
   6   51  189
   6   51  189
   2   51  189
   4   51  189
  51   51  189
  51   51  189
   2   51  189
   6   51  189
   6   51  189
  11   51  190
  11   51  190
  11   51  190
   6   51  190
   6   51  190
   2   51  190
   2   51  190
   6   51  190
   6   51  190
  51   51  190
  11   51  190
  51   51  190
   4   51  190
   4   51  190
   2   51  190
   2   50  190
  11   51  190
   6   50  190
   6   51  190
   4   51  190
  11   51  190
   2   51  190
  11   51  190
  11   51  190
  11   51  190
  11   51  190
  51   51  191
  11   51  191
   4   51  191
   4   51  191
   6   51  191
   4   51  191
   6   51  191
   6   51  191
   6   51  191
   2   51  191
   2   51  191
  51   51  191
   2   51  191
   6   51  191
   6   51  191
   6   36  191
   2   50  191
   4   51  191
  11   51  191
  11   51  191
  11   51  191
   2   51  191
  11   51  191
  11   51  191
  11   51  191
  11   51  191
  11   51  191
   4   51  191
   6   51  191
  11   51  191
  11   51  192
   6   51  192
  11   51  192
  11   51  192
  11   51  192
   6   51  192
   6   51  192
  11   51  192
  11   51  192
  11   51  192
  11   51  192
   2   51  192
   2   51  192
  11   51  192
   4   51  192
   4   51  192
  11   51  192
   4   51  192
   2   50  192
  11   51  192
   6   51  192
   2   51  192
  51    2  192
  51   51  192
   2   51  192
   6   51  192
   6   51  192
   6   51  192
  51   51  192
   4   51  192
   4   51  193
   6   51  193
  11   51  193
  11   51  193
  11   51  193
  11   51  193
  11   51  193
  11   51  193
  11   51  193
   6   50  193
   6   51  193
   2   51  193
   6   51  193
   6   51  193
   2   51  193
  51    2  193
   2   51  193
   2   51  193
   6   51  193
  51   51  193
   4   51  193
  51   51  193
   6   51  193
   4   51  193
   4   51  193
   4   51  193
   2   51  193
   2   50  193
  11   51  194
  11   51  194
  11   51  194
  11   51  194
   6   51  194
   4   51  194
   6   50  194
   2   50  194
  11   51  194
  11   51  194
   4   51  194
   4   51  194
   2   51  194
  11   51  194
   2   51  194
  11   51  194
  11   51  194
  11   51  194
   6   51  194
   2   51  194
  51   51  194
   2   51  194
   2   51  194
   6   51  194
   6   51  194
   6   51  194
  51   51  194
   6   51  194
   6   51  194
  11   51  195
   4   51  195
   6   51  195
   6   50  195
   2   51  195
   2   51  195
   4   51  195
   4   51  195
   4   51  195
   6   51  195
   6   51  195
  51   51  195
  51   51  195
   6   51  195
   2   51  195
   2   51  195
  51   51  195
   6   51  195
   6   51  195
  11   51  195
  11   51  195
   2   51  195
  11   51  195
  11   51  195
  11   51  195
  11   51  195
  11   51  195
  11   51  195
   6   51  196
   4   51  196
   4   51  196
   4   51  196
   2   51  196
   2   50  196
   6   50  196
  11   51  196
   6   51  196
  11   51  196
  11   51  196
  11   51  196
  11   51  196
   2   51  196
   4   51  196
  51   51  196
  11   51  196
  11   51  196
  11   51  196
  11   51  196
   6   51  196
  11   51  196
   6   51  196
   6   51  196
   2   51  196
   2   51  196
  51   51  196
  51    2  196
   2   51  196
   6   51  196
   6   51  196
  51   51  196
  11   51  197
   6   51  197
   6   51  197
   2   50  197
   4   51  197
  11   51  197
  11   51  197
   6   51  197
   6   51  197
   4   51  197
  11   51  197
  11   51  197
  11   51  197
  11   51  197
   4   51  197
   4   51  197
   4   51  197
   2   51  197
  11   51  197
   2   51  197
  11   51  197
  11   51  197
  11   51  197
  51    2  197
   2   51  197
   6   51  197
   6   51  197
  51   51  197
  51   51  197
   6   51  197
  11   51  197
  11   51  198
  11   51  198
  11   51  198
  11   51  198
  11   51  198
   6   51  198
  11   51  198
   2   51  198
   2   51  198
   2   50  198
   4   51  198
   4   51  198
   4   51  198
  11   51  198
   6   51  198
   4   51  198
  51   51  198
   6   51  198
   6   51  198
   4   51  198
   2   51  198
   2   51  198
   2   51  198
   6   51  198
   6   51  198
  11   51  198
  51    2  198
  11   51  198
  11   51  198
  11   51  198
  11   51  198
   2   50  199
   6   50  199
   6   51  199
  11   51  199
   6   51  199
  11   51  199
  11   51  199
   4   51  199
   2   51  199
  11   51  199
  11   51  199
   4   51  199
   4   51  199
   4   51  199
   2   51  199
  11   51  199
  11   51  199
  11   51  199
  11   51  199
  11   51  199
  11   51  199
   6   51  199
   6   51  199
   2   51  199
   2   51  199
  51    2  199
   2   51  199
  51   51  199
  51   51  199
   4   51  199
   6   51  199
   6   51  199
   6   51  199
  11   51  200
  11   51  200
  11   51  200
   4   51  200
   6   51  200
   6   51  200
  11   51  200
   2   51  200
   2   50  200
   2   51  200
   4   51  200
   4   51  200
   4   51  200
  11   51  200
  51   51  200
   6   51  200
   6   51  200
   6   51  200
   2   51  200
   6   51  200
   6   51  200
   2   51  200
  51    2  200
   2   51  200
   2   51  200
   4   51  200
  11   51  200
  11   51  200
  11   51  200
  11   51  200
  11   51  200
  11   51  200
  11   51  200
  11   51  200
  11   51  200
