   1   49  126
   6   30  126
   1    1  126
  34   30  126
  30    1  126
   4   30  126
  30    1  126
   1    1  126
  30   30  126
   6    1  126
  52   30  126
  30   30  126
  30   20  126
  30   30  126
  52    4  126
   6    1  126
  26   49  126
  52    4  127
  46   30  127
  30   30  127
   9   30  127
  34   30  127
   6    1  127
  30    1  127
   4    1  127
   4   30  127
   6   30  127
   1    1  127
  30   30  127
   3   51  127
  52   30  127
   4    9  127
   1   30  127
   6    1  127
  30   30  127
  30   20  127
   1   49  127
   6    1  127
  30    1  128
  30   20  128
   4   49  128
   4    9  128
  52    4  128
  52   30  128
   6    1  128
   3   51  128
   1   49  128
   4   30  128
   4    1  128
   6   30  128
   6    1  128
   1    1  128
   1    1  128
   6    1  128
  34   30  128
   6   30  128
  30   30  128
   1    1  129
   6    1  129
  30    1  129
  30   30  129
   6   30  129
   9    1  129
   1    1  129
   6   30  129
   6    1  129
   4    1  129
   4   30  129
   4   51  129
   1   49  129
  30   20  129
  30   30  129
   3   51  129
  34   30  129
  46   30  129
   9   30  129
   4    9  129
  30   30  129
  52    4  129
   6   30  129
   6    1  129
   4    9  130
  34   30  130
  30   30  130
  30    1  130
   6    1  130
   1    1  130
   6   30  130
  46   30  130
   6   30  130
   6   30  130
  30   30  130
   1    1  130
   9    1  130
  30    1  130
   4   30  130
   4    1  130
   4   49  130
  52    4  130
  30   30  130
  30   20  130
   1   49  130
   4   51  130
   4   49  131
  30   30  131
   4   30  131
   1    1  131
   6    1  131
   6    1  131
   6   30  131
  46   30  131
   4    1  131
   4   30  131
   1   49  131
  30   20  131
  30   30  131
   4   51  131
   3   51  131
  52    4  131
  34    1  131
   9   30  131
  34    1  131
  30   30  131
   6   30  131
   6    1  131
   4    9  131
  30   30  132
   1    1  132
  30   30  132
  30    1  132
   6    1  132
   1    1  132
   6   30  132
   6   30  132
   9   30  132
   6    1  132
   4   30  132
   4   30  132
   1   30  132
  34   30  132
   6    1  132
   1   49  132
  30   20  132
  30   30  132
   3   51  132
   3   51  132
  52    4  132
   4    9  132
   4   49  132
   6   30  133
  34   30  133
   1    1  133
  30    1  133
  30   30  133
   4    9  133
   6   30  133
   4   49  133
  52    4  133
   6    1  133
  52   30  133
   6    1  133
  30   30  133
  46   30  133
   6    1  133
  30    1  133
   4    1  133
   3   51  133
  30   30  133
   1   49  133
  30   20  133
  26   49  133
  30   30  134
   9   30  134
   6   30  134
  30   30  134
  34   30  134
   6    1  134
   4   30  134
   4    1  134
   4   30  134
   6    1  134
   3   51  134
  52    4  134
   4    9  134
   4   49  134
  30    1  134
   1    1  134
  46   30  134
   6   30  134
   1    1  134
   6    1  134
   1   49  134
  26   49  134
  30   20  134
  30   30  134
   4    9  135
   6   30  135
   6    1  135
   1    1  135
  30   30  135
  30    1  135
   1    1  135
   6    1  135
  52    4  135
  30   30  135
   3   51  135
  30   20  135
   1   49  135
   4   30  135
   4    1  135
   4   30  135
  46   30  135
   6   30  135
  30    1  135
  30   30  135
   6    1  135
   4   49  135
   6   30  136
   6    1  136
   6    1  136
   1    1  136
   6    1  136
  34   30  136
  30   30  136
  30    1  136
   4    1  136
   4   30  136
   1    1  136
   6   30  136
   3   51  136
  30   30  136
  30   20  136
   1   49  136
   4    9  136
   4   49  136
   9    1  137
   1   49  137
   4   30  137
   4   30  137
  46   30  137
   6   30  137
   6    1  137
   6   30  137
  30   20  137
  34   30  137
   1    1  137
   9    1  137
  30   30  137
   1    1  137
   6    1  137
  30   30  137
   3   51  137
   9   30  137
  30   30  137
   6    1  137
   3   51  137
   4   49  137
  52    4  137
  30   30  138
   6   30  138
   1    1  138
  30   30  138
  30   30  138
  30   20  138
   1   49  138
   4   51  138
   4    1  138
   4   30  138
  46   30  138
   1    1  138
   9   30  138
  34   30  138
   6   30  138
  30    1  138
   6   30  138
   6    1  138
   6    1  138
   4   49  138
   4    9  138
   3   51  138
   4   49  138
   6   30  139
   9    1  139
  30    1  139
  30   30  139
  34   30  139
   9   30  139
   6   30  139
  30   30  139
   6    1  139
   1    1  139
   6    1  139
  46   30  139
   6   30  139
   4   30  139
   4   51  139
   1   49  139
  30   20  139
  30   30  139
   4   49  139
   6    1  139
   4   49  139
   4    9  139
   3   51  139
   6   30  140
   6   30  140
  34    1  140
   9   30  140
  34   30  140
   6    1  140
  30   30  140
   6   30  140
   6    1  140
   1    1  140
   1    1  140
  30   30  140
   4    1  140
   3   51  140
   4    9  140
   4   49  140
   1   49  140
   4   51  140
   4   30  140
   9    1  140
  30   20  140
   6   30  141
  30    1  141
  30   30  141
   1    1  141
  34   30  141
   9   30  141
   9   30  141
   9    1  141
  30   30  141
  30    1  141
   6    1  141
   6    1  141
   1    1  141
   6   30  141
   6    1  141
   6   30  141
   4   49  141
   4    9  141
  52    4  141
   3   51  141
   4   49  141
  30   30  141
  30   20  141
   1   49  141
   4   51  141
  46   30  141
  30   30  142
  34   30  142
   1    1  142
  30    1  142
   6    1  142
   6   30  142
   1    1  142
   6    1  142
   4    1  142
  34    1  142
   4   51  142
   1   49  142
  30   20  142
  30   30  142
   4   49  142
   3   51  142
   4    9  142
   4   49  142
  46   30  142
   6   30  142
   9   30  142
  30    1  142
   6    1  142
  30   30  142
   6   30  142
   1   49  143
   1   51  143
   4   30  143
   6   30  143
   4    1  143
  30   20  143
  30    1  143
   4   49  143
   3   51  143
  52    4  143
   4    9  143
   4   49  143
   6    1  143
  30   30  143
   6    1  143
  30   30  143
   6    1  143
   6   30  143
   6   30  143
   6    1  143
   6   30  143
  30   30  143
  34   30  143
   9   30  143
   1    1  144
   1    1  144
  34   30  144
   6   30  144
  30   30  144
   6    1  144
   6    1  144
  30    1  144
  46   30  144
   4   30  144
   4   30  144
   4   49  144
   6   30  144
   4    9  144
   3   51  144
   6   30  144
  30   30  144
   4   51  144
   1   49  144
  30   20  144
  30   30  144
  52    4  144
  30   30  145
   1    1  145
   6   30  145
   6    1  145
  46   30  145
   4    1  145
   4   30  145
   1   49  145
  30   30  145
   3   51  145
  52    4  145
   4    9  145
   4   49  145
   1    1  145
  30   20  145
   6    1  145
   6   30  145
  30   30  145
  34   30  145
  30    1  145
  30   30  146
   1   30  146
   1    1  146
   6   30  146
   6    1  146
   6    1  146
  46   30  146
   4    1  146
   4   30  146
   3   51  146
  30   49  146
  26   49  146
   1   49  146
   4   49  146
   4    9  146
  52    4  146
  30   30  146
  30   20  146
  30    1  146
  34   30  146
  30   30  146
  30    1  146
   6   30  146
   9   30  146
   6    1  147
   6   30  147
  30   30  147
   1    1  147
   6   30  147
  34   30  147
   1    1  147
  30    1  147
   6   30  147
   6    1  147
   1   49  147
   4    1  147
  46   30  147
   4   49  147
   4    9  147
  52    4  147
   3   51  147
   4   49  147
   4   30  147
   4   51  147
  30   20  147
  30   30  147
   4    1  148
   4   30  148
  46   30  148
  30    1  148
   6    1  148
   6    1  148
   4   51  148
   1    1  148
   6   30  148
   1   49  148
  30   20  148
  30   30  148
   4   51  148
   3   51  148
   4    9  148
   4   49  148
   1    1  148
   6   30  148
  30   30  148
   6   30  148
  34   30  148
  30   30  148
   9   30  148
  30   30  149
   6   30  149
  46    1  149
  30    1  149
  26   49  149
  46   30  149
   4    1  149
   4   30  149
   4   49  149
   4    9  149
  46    4  149
   6    1  149
   3   51  149
   4   49  149
   4   49  149
   4   51  149
   1   49  149
  26   35  149
  30   30  149
  30   20  149
   4   51  149
   1    1  149
   1    1  149
   9    1  149
   6    1  149
  34   30  149
   9   30  149
   6   30  149
   4    9  150
   4   49  150
   4    1  150
   3   51  150
   4   51  150
   4   49  150
   6   30  150
   4   30  150
  30    1  150
   6    1  150
   6   30  150
   1    1  150
   6   30  150
  30   30  150
  30    1  150
   1    1  150
   6    1  150
  34   30  150
   6    1  150
  46   30  150
   9   30  150
   6    1  150
  30   30  150
  30   20  150
  26   28  150
   4   49  150
  26   35  150
   1   49  150
   4   51  150
  30    1  151
   1    1  151
   6   30  151
  30   30  151
  30   20  151
   1   49  151
  26   35  151
   4    1  151
   4   30  151
  30    1  151
  46    1  151
   9   30  151
  34   30  151
  30   30  151
   6    1  151
   6   30  151
   6    1  151
   6    1  151
  46   30  151
   4   49  151
   4    9  151
   3   51  151
   4   51  151
   6   30  151
   4   49  151
   1    1  152
   6   30  152
  30    1  152
   4   51  152
   6    1  152
   6    1  152
   4   49  152
   4    9  152
   3   51  152
   4   51  152
  30   30  152
  30   20  152
   1   49  152
  26   49  152
   4    1  152
   4   30  152
  46   30  152
   6    1  152
  30   30  152
   6   30  152
   1    1  152
   6    1  152
   9   30  152
  34   30  152
  30    1  152
  30   30  152
   6   30  152
  30   30  153
  30    1  153
   1    1  153
  34   30  153
   6   30  153
  30   30  153
   6    1  153
   1    1  153
  46   30  153
   6   30  153
  30    1  153
   4   51  153
   6    1  153
   4   30  153
   4   49  153
   4    9  153
   3   51  153
  30   30  153
   1   49  153
   4    1  153
  30    1  153
  30   20  153
   3   51  154
  30    1  154
   6   30  154
   6    1  154
   1    1  154
   6    1  154
  46   30  154
   9   30  154
   6   30  154
  30   30  154
  34   30  154
   4   30  154
   4    1  154
   4   30  154
   4    1  154
  46    1  154
  30    1  154
   6    1  154
  30    1  154
   4    9  154
   4   49  154
   6    1  154
   3   51  154
   4   51  154
  30   30  154
  30   20  154
   1   49  154
  26   49  154
   4   51  154
   6   30  154
  30   30  154
  46    4  154
   1    1  154
  30   30  155
   1    1  155
  34   30  155
   9   30  155
   6    1  155
   6   30  155
   6    1  155
   6    1  155
   1    1  155
   6   30  155
  46   30  155
   4    1  155
   1   30  155
   4   30  155
  46    1  155
   6    1  155
  30    1  155
   1   51  155
   1   49  155
  30   20  155
  30   30  155
   4   49  155
   3   51  155
  46    4  155
   4    9  155
   4   51  155
   4   49  155
   4    1  156
   4    1  156
   1    1  156
   4   51  156
   1   49  156
  30    1  156
   6    1  156
  30   30  156
   6    1  156
   6   30  156
   9   30  156
  34   30  156
   1    1  156
  46   30  156
  30    1  156
  30   30  156
  46    1  156
   6    1  156
   9    1  156
  30    1  156
   6   30  156
   6   30  156
   4   49  156
   4   49  156
   4    9  156
  46    4  156
   3   51  156
   4   51  156
  30   20  156
  30   30  156
   4   49  157
  30   30  157
   6    1  157
   1    1  157
   4    9  157
  46    1  157
   4   30  157
  34    1  157
   6   30  157
  52    4  157
   4   51  157
   3   51  157
   4    1  157
   4   49  157
  30   30  157
  30   20  157
   1   49  157
  26   28  157
   4   51  157
  46   30  157
   9    1  157
  34   30  157
   6    1  157
   6   30  157
  30    1  157
   6   30  157
   1    1  157
   6    1  158
   4   30  158
   1   49  158
  26   35  158
  30   20  158
  30   30  158
   3   51  158
   4   51  158
   4    1  158
  46    4  158
   4    9  158
   1    1  158
  30    1  158
   6    1  158
  30   30  158
   4    1  158
  34   30  158
  46   30  158
   6    1  158
   9    1  158
   6   30  158
  46    1  158
  30   30  159
   4   30  159
   6   30  159
  30   30  159
  30    1  159
   6    1  159
   6    1  159
   9    1  159
  46   30  159
  34   30  159
   6    1  159
   4    1  159
  30    1  159
  46    1  159
  30   30  159
   6   30  159
  30   20  159
   1   49  159
   4   51  159
  26   49  159
  26   49  159
   1    1  159
   3   51  159
   4    9  159
   4   49  159
   1    1  160
  34   30  160
   6    1  160
   6    1  160
   9    1  160
   6   30  160
  30   30  160
  30    1  160
  30    1  160
  30    1  160
   6    1  160
  46   30  160
   6   30  160
   4   30  160
   4   30  160
   4   49  160
   4    9  160
   3   51  160
   4   51  160
  30   30  160
   1   49  160
   4   51  160
   4   25  160
  30   30  161
   6   30  161
   6   30  161
  34    1  161
   1    1  161
   6    1  161
  30    1  161
  46    1  161
   4   30  161
   4    1  161
  30    1  161
   4    1  161
  30    1  161
   9    1  161
   6    1  161
  30   30  161
   6   30  161
   6    1  161
  34   30  161
   6   30  161
  46   30  161
   4   51  161
  30   30  161
   1   49  161
  26   49  161
   4   51  161
  30   49  161
   4   49  161
   4    9  161
  52    4  161
   3   51  161
  34   30  162
   6    1  162
   4    1  162
  30    1  162
  30   30  162
   6   30  162
   9   30  162
   1    1  162
  30   30  162
  46   30  162
   9    1  162
   6    1  162
   4   30  162
   4   51  162
   1   49  162
   6   30  162
   6    1  162
   3   51  162
  30   20  162
  30   30  162
   4   51  162
   4    9  162
   4   49  162
  26   49  162
   6    1  163
   3   51  163
   4   51  163
  30   30  163
  30   20  163
   4    9  163
   1   49  163
   4    1  163
  30   30  163
   1    1  163
  30    1  163
  30    1  163
   4    1  163
   9   30  163
   6    1  163
  34   30  163
   6    1  163
   9    1  163
  46   30  163
   6   30  163
   4   49  163
  34   30  164
   1    1  164
  30   30  164
   9    1  164
   6   30  164
   6   30  164
  30    1  164
   4   51  164
  30   30  164
  30   20  164
   1   49  164
  26   49  164
   4    1  164
  30    1  164
  30   30  164
   6    1  164
  46    1  164
   4   49  164
   4    9  164
   3   51  164
   3   51  164
  46   30  164
   6   30  164
   6    1  164
  46    1  165
   1    1  165
  34    1  165
  30    1  165
   9   30  165
   4   30  165
   6    1  165
  30    1  165
  30   30  165
   6   30  165
   9    1  165
   6    1  165
   6   30  165
   6    1  165
  34   30  165
   4    1  165
   6   30  165
   4   49  165
   4    9  165
   3   51  165
   4   51  165
  30   30  165
  30   20  165
   1   49  165
  30   30  165
   4   51  165
  34   30  166
   1    1  166
  30   30  166
  30    1  166
  30    1  166
  30   30  166
  46    1  166
   6    1  166
   6   30  166
   4   30  166
   6   30  166
   6   30  166
   9    1  166
   6    1  166
  30   30  166
   4   49  166
   4    9  166
   3   51  166
   4   51  166
  30   20  166
   1   49  166
   4   30  166
   4   51  166
   4    1  166
  26   49  166
   4   25  167
   4   51  167
  46    4  167
   4    9  167
   4   49  167
   1    1  167
  30   30  167
  30    1  167
   6    1  167
   6   30  167
  30   30  167
   6    1  167
  46    1  167
   6    1  167
   6    1  167
  46   30  167
   4    1  167
   9    1  167
   4   51  167
  34   30  167
   9   30  167
   6    1  167
   6   30  167
  30   30  167
   1   49  167
  30   20  167
  26   49  167
   6    1  168
  30   30  168
   4   25  168
   4   51  168
   3   51  168
   3   51  168
  46    4  168
   4    9  168
   4   49  168
  30    1  168
  30    1  168
   6   30  168
   4   30  168
  46    1  168
  30    1  168
  30    1  168
   1    1  168
   6   30  168
   6   30  168
  30   30  168
   6    1  168
   4    1  168
  46   30  168
   6    1  168
  34   30  168
   1   51  168
   1   49  168
  26   51  168
  30   20  168
  30   30  168
   4    1  169
   6    1  169
   1    1  169
   9    1  169
   6    1  169
   6    1  169
  30    1  169
  46   30  169
   4   30  169
   1   49  169
   6   30  169
   9   30  169
   6   30  169
  30    1  169
  30   30  169
  30    1  169
  30   20  169
   4   51  169
  30   30  169
   4   49  169
   4    9  169
   3   51  169
   4   51  169
   4   25  169
  34   30  169
  30   30  169
  46   30  170
   6    1  170
   9    1  170
  30   30  170
   6   30  170
   6    1  170
   6   30  170
   6    1  170
  30   30  170
   6    1  170
   4   30  170
   6    1  170
  30    1  170
  30    1  170
  34   30  170
   4    1  170
   4   49  170
   4    9  170
   3   18  170
   4   18  170
  30   30  170
  30   20  170
   1   49  170
   4   51  170
   4   30  171
   4    1  171
   4   51  171
   1   49  171
  30   20  171
   4   18  171
  30   30  171
   4   25  171
   3   18  171
  46    4  171
   4    1  171
  46   30  171
   6    1  171
  30    1  171
   6   30  171
   6    1  171
   9    1  171
   6    1  171
  30   30  171
  34   30  171
   4    9  171
   6    1  171
   9   30  171
   6   30  171
  30   30  171
   6    1  171
  46    1  171
   4   49  171
   6   30  171
   4    9  172
   4   49  172
   6   30  172
   9    1  172
   1   49  172
  30   20  172
  30   30  172
   4   18  172
   4    1  172
   4   30  172
   4    1  172
  46   30  172
  46    1  172
   6    1  172
   6    1  172
  46    4  172
   4   51  172
   1    1  172
  30    1  172
  30   30  172
   6    1  172
  30    1  172
  34   30  172
   9   30  172
   6   30  172
  30   20  173
   4   49  173
   4    9  173
  46    4  173
   4   49  173
   3   18  173
   4   18  173
   4   25  173
  30   30  173
   4    1  173
   4    1  173
   4   51  173
   1   51  173
  46   30  173
  46    1  173
   6    1  173
   6    1  173
   9    1  173
   6   30  173
  30   30  173
  30    1  173
   1    1  173
  34   30  173
   9   30  173
   6   30  173
  30   30  173
  30    1  173
  26   49  173
   1   49  173
   4   30  174
  34    1  174
  46   30  174
   6    1  174
   6    1  174
   6   30  174
   9    1  174
   9   30  174
   6   30  174
  30   30  174
   1    1  174
  34   30  174
   9    1  174
   6   30  174
  30   30  174
   4    1  174
   1   49  174
   1   51  174
   4    9  174
  28   49  174
   3   18  174
   4   49  174
  30   30  174
  30   20  174
  26   49  174
   4   25  174
  30   30  175
   4   49  175
   4    9  175
  28   30  175
  28   49  175
   3   51  175
   3   18  175
  30   20  175
   4    1  175
   6   18  175
   1   49  175
   4   51  175
   4   30  175
   4   30  175
  46   30  175
   9    1  175
   6   30  175
   6    1  175
   6   30  175
   9   30  175
  34   30  175
  30    1  175
   6   30  175
  30   30  175
  30   30  175
   6   30  175
   9   30  175
   6   30  176
   1   49  176
   6    1  176
   4   49  176
   4    9  176
  28   30  176
   3   18  176
   4   25  176
  30   30  176
   4   51  176
   4    1  176
   4   30  176
   9    1  176
   6   30  176
  30    1  176
  30   30  176
  34   30  176
  30   30  176
   1    1  176
  30   30  177
  30    1  177
  34   30  177
   6   30  177
  30   30  177
   6   30  177
  34    1  177
   9    1  177
   9    1  177
   1    1  177
   6    1  177
   9   30  177
   4    9  177
  28   30  177
   3   51  177
   3   18  177
   4   25  177
  30   30  177
  28   49  177
   1   49  177
  26   49  177
   6   18  177
   4   51  177
  30   20  177
   9   30  178
   4    1  178
   4   30  178
   4   51  178
   1   49  178
  26   49  178
   4   25  178
  30   20  178
  30   30  178
  28   30  178
   4    9  178
   6    1  178
   3   18  178
   9    1  178
  30   30  178
   1    1  178
   9   30  178
  30    1  178
  30    1  178
  34   30  178
  30   30  178
   6   30  178
   9   30  178
   6    1  178
   6   30  178
  30   20  179
  30   30  179
   9    1  179
  30   30  179
   6   30  179
  30   30  179
   9   30  179
   9    1  179
   9   30  179
  34   30  179
   1    1  179
  30    1  179
   4   30  179
   4    1  179
   1   49  179
  26   35  179
   4   35  179
  26   49  179
  28   49  179
  46    4  179
   4    9  179
  52   15  179
   4    1  180
  30   30  180
   3   18  180
  52   15  180
  28   49  180
   4    9  180
   4   49  180
   9    1  180
   6   30  180
   1    1  180
   9   30  180
   9   30  180
   6   30  180
  30   30  180
  34   30  180
  30    1  180
  26   49  180
   6    1  180
   9    1  180
   6    1  180
  30   30  180
   1   49  180
   4   35  180
  30   20  180
  30    1  181
  30   20  181
  30   30  181
   9    1  181
   9   30  181
  34   30  181
   1    1  181
  30   30  181
   6    1  181
   9    1  181
   6    1  181
   6    1  181
   9   30  181
   4   30  181
   1   51  181
   1   49  181
  26   28  181
  26   49  181
  30   30  181
  52   15  181
  28   49  181
  46    4  181
   6    1  181
   6   30  181
   6   30  181
  34   30  182
  30   30  182
  30   20  182
   1   49  182
  26   49  182
  30   30  182
   9   30  182
   6    1  182
   6    1  182
   4   25  182
   9    1  182
   6   30  182
   6    1  182
   4    1  182
   3   18  182
   6   30  182
  52   15  182
   9    1  182
   6    1  182
  28   49  182
   6   30  182
  30   30  182
   6    1  183
  30   30  183
  30    1  183
   6    1  183
   9    1  183
   6    1  183
   6   30  183
  46    4  183
   4   25  183
   1   49  183
  30   20  183
  30   30  183
  28   49  183
   9   30  183
   6   30  183
   9    1  183
  34   30  183
   6   30  183
  30   30  183
   1    1  183
   4    1  184
   1   51  184
   1   49  184
  30   20  184
  30   30  184
   3   18  184
   4   49  184
  52   15  184
   4    9  184
   9   30  184
   4   18  184
   9    1  184
  30    1  184
   6    1  184
   6   30  184
   6    1  184
   6    1  184
  30   30  184
  30    1  184
   1    1  184
  34    1  184
  34   30  184
   9   30  184
  30   30  184
   6   30  184
   6    1  184
  30   30  185
   4    9  185
   9    1  185
  30    1  185
  30    1  185
   9    1  185
   4   30  185
  30   30  185
  34   30  185
   6    1  185
   9    1  185
   6    1  185
  46    4  185
  28   49  185
  52   15  185
   3   18  185
   4   18  185
  30   30  185
  30   20  185
  26   49  185
   1   49  185
   1   51  185
   4    9  186
   6    1  186
   4   49  186
  30   30  186
   6   30  186
   6    1  186
   9    1  186
   6    1  186
   6   30  186
  34   30  186
  30    1  186
   9    1  186
   4    1  186
  30    1  186
   1    1  186
  30   30  186
   6    1  186
   6    1  186
   9   30  186
  46    4  186
  28   30  186
   3   18  186
  30   30  186
  30   20  186
   1   49  186
  26   49  186
  52   15  186
   9    1  187
   6    1  187
   9   30  187
   6   30  187
   9   30  187
  30   30  187
   6   30  187
   4    1  187
   4   30  187
   4    1  187
  30    1  187
   9    1  187
   6    1  187
  30    1  187
  34   30  187
   4   49  187
  30   30  187
   1    1  187
   9   30  187
  34    1  187
  30   49  187
   4    9  187
  46    4  187
  28   30  187
   3   18  187
   4   18  187
  30   30  187
  30   20  187
   1   49  187
  26   49  187
  52   15  187
   1   49  188
   1    1  188
   9   30  188
   9    1  188
   6   30  188
   6    1  188
  30   30  188
   6   30  188
   6    1  188
   9    1  188
   6    1  188
   4    1  188
   4    1  188
   6    1  188
   9    1  188
  30    1  188
  30   30  188
  26   49  188
  30   20  188
  30   30  188
   4   18  188
   3   18  188
   4   49  188
  52   15  188
  28   49  188
  46    4  188
   4    9  188
   4   49  188
   1   51  188
   6    1  188
   6    1  189
  30   30  189
   6    1  189
   6   30  189
  30   30  189
  34   30  189
   4    1  189
   4   30  189
   4    1  189
   6    1  189
   9    1  189
  30    1  189
   1    1  189
   9    1  189
   6   30  189
  30    1  189
   6    1  189
   1   49  189
   4   51  189
   9    1  189
  26   49  189
  30   20  189
  30   30  189
   4   25  189
   4   18  189
   4   49  189
  52   15  189
  28   49  189
  46    4  189
   4    9  189
   4   49  189
   1    1  190
   9   30  190
   6   30  190
   4   49  190
   4    9  190
  46    4  190
   4   18  190
  30   30  190
  30   20  190
   1   49  190
  30   30  190
  26   49  190
   4   30  190
   4   30  190
   9    1  190
   9   30  190
   6    1  190
   6   30  190
   6    1  190
   9    1  190
   6   30  190
  30    1  190
  34   30  190
  34    1  190
   6    1  190
  30   30  190
   1   49  191
   6   30  191
   4   30  191
   4    1  191
   4   51  191
   4    1  191
  30   20  191
  30   30  191
   4   25  191
   4   18  191
   3   18  191
  28   49  191
  46    4  191
   4    9  191
   4   49  191
  13   18  191
   9   30  191
   9   30  191
   6    1  191
  30   30  191
   9    1  191
   9    1  191
  34    1  191
   6    1  191
  30    1  191
  34   30  191
  30   30  191
   9    1  191
   6    1  191
   6   30  191
  30   30  192
   4   49  192
   6   30  192
  30   30  192
  30    1  192
   6    1  192
   6    1  192
   6   30  192
   6   30  192
   9   30  192
  30    1  192
   9    1  192
  30    1  192
   6    1  192
   4    1  192
   4    1  192
  34   30  192
   9    1  192
   9   30  192
   9   30  192
   4    9  192
  46    4  192
  28   30  192
  52   15  192
   4   18  192
   4   25  192
  30   30  192
  30   20  192
   1   49  192
   1   51  192
   9    1  193
   6    1  193
   6   30  193
  34   30  193
   1    1  193
  30    1  193
  30   30  193
   6   30  193
  30   30  193
   6   30  193
  30   20  193
  30    1  193
   4   49  193
   4    9  193
  46    4  193
  28   30  193
   3   18  193
   4   18  193
  30   30  193
  26   49  193
   4   35  193
   1   49  193
   4   51  193
   4    1  193
   4    1  193
   4   30  193
   9    1  193
   9   30  193
   6   30  194
   9   30  194
   9    1  194
  30   30  194
   6    1  194
   9    1  194
   6   30  194
   9   30  194
   6    1  194
   6    1  194
   4   30  194
   4    1  194
  30    1  194
  34   30  194
   9    1  194
   1    1  194
   6   30  194
  30   30  194
   4   49  194
  46    4  194
  28   49  194
   3   18  194
   4   18  194
   4   25  194
  30   30  194
  30   20  194
   1   49  194
   4    9  194
   4   51  194
   6   30  195
   4   30  195
   6    1  195
   6   30  195
  30    1  195
   9    1  195
   4    1  195
   4    1  195
   4   30  195
   4   51  195
  30   30  195
  26   49  195
   1   49  195
  30   20  195
   4   18  195
   3   18  195
  28   49  195
   4    9  195
   4   49  195
  30   30  195
  30    1  195
  46    4  195
  34   30  195
   1    1  195
   9    1  195
   6    1  195
   6   30  195
  30   30  195
   4   51  196
   4    1  196
   4    1  196
   4   30  196
   9    1  196
   9   30  196
   6   30  196
   6    1  196
   6    1  196
   6   30  196
  30    1  196
  30   30  196
   1    1  196
  30    1  196
   9    1  196
   1   49  196
  30   30  196
   6   30  196
  34   30  196
   9   30  196
  26   35  196
   6    1  196
  30   20  196
  30   30  196
   4   18  196
   3   18  196
  52   15  196
  28   30  196
  46    4  196
   4    9  196
   4   49  196
  26   49  196
   1    1  197
   4   49  197
   4    9  197
   9   30  197
   4   49  197
  30   30  197
   6    1  197
   6    1  197
   6    1  197
   9    1  197
  34   30  197
   6   30  197
   6    1  197
   4    1  197
   4    1  197
   4   30  197
   4    1  197
   9    1  197
   6    1  197
  30    1  197
  34    1  197
  30   30  197
   6   30  197
  28   30  197
   3   18  197
  30   30  197
  30   20  197
   1   49  197
  26   49  197
   4   51  197
  30    1  197
   9   30  198
  30   30  198
   6   30  198
   1    1  198
  30    1  198
   6    1  198
   6    1  198
  30    1  198
   9    1  198
   9   30  198
   4    1  198
   4    1  198
   4   30  198
  34   30  198
   4   51  198
   4   35  198
   1   49  198
  30   20  198
  30   30  198
   4   51  198
   4   18  198
   3   18  198
   3   51  198
   4    9  198
   4   49  198
   9   30  198
  28   30  198
   9   30  198
   6   30  198
  30   30  198
   6    1  198
   9   30  199
   6   30  199
   6    1  199
  30   30  199
   6    1  199
   6   30  199
   6    1  199
   9    1  199
   9    1  199
  34   30  199
   4    1  199
   4   30  199
   4    1  199
   4    1  199
  30    1  199
   9   30  199
  30    1  199
   1    1  199
   6   30  199
  30   30  199
   9   30  199
  30   20  199
  30   30  199
   4   18  199
   3   18  199
  28   30  199
  46    4  199
   1   49  199
  26   49  199
   4   35  199
   4   51  199
   4   49  199
   4    9  199
  30   30  200
   6    1  200
   6   30  200
   9    1  200
   6    1  200
   6    1  200
   6    1  200
  30    1  200
   9   30  200
   9    1  200
   4   30  200
   4    1  200
   4    1  200
   4    1  200
   1   49  200
  30   20  200
  30   30  200
   4   25  200
   4   18  200
   4   49  200
   4    9  200
  46    4  200
  28   30  200
   3   51  200
   3   18  200
   1   51  200
   1    1  200
  34    1  200
   9   30  200
   6    1  200
  34   30  200
  30    1  200
  30   30  200
   9   30  200
   6   30  200
