19 1 38 0
4 1 44 0
15 1 45 0
16 1 46 0
15 1 46 0
14 1 46 0
3 1 50 0
4 1 51 0
2 1 51 0
3 1 51 0
4 0 44 0
8 0 53 0
6 0 31 0
24 0 36 0
22 0 38 0
21 0 38 0
6 0 44 0
2 0 50 0
14 0 50 0
3 0 51 0
17 2 43 0
6 2 51 0
23 1 37 0
11 1 36 0
5 1 36 0
9 1 31 0
9 1 34 0
11 1 31 0
11 1 34 0
11 1 35 0
15 1 29 0
4 1 51 1
15 1 46 1
16 1 46 1
2 1 49 1
3 1 50 1
2 1 50 1
2 1 51 1
15 1 45 1
6 1 51 1
7 1 51 1
8 1 53 1
6 0 44 1
4 0 44 1
24 0 36 1
22 0 38 1
21 0 38 1
2 0 49 1
2 0 50 1
14 0 50 1
3 0 51 1
1 0 51 1
6 2 51 1
23 1 42 1
19 1 38 1
4 1 44 1
11 1 36 1
23 1 37 1
19 1 29 1
9 1 34 1
11 1 34 1
11 1 35 1
15 1 46 2
15 1 45 2
16 1 46 2
9 1 31 2
5 1 36 2
11 1 34 2
9 1 34 2
11 1 35 2
11 1 36 2
11 1 31 2
2 1 50 2
8 1 53 2
7 1 51 2
6 1 51 2
4 1 44 2
4 1 51 2
3 1 50 2
2 1 48 2
2 1 49 2
23 1 37 2
2 1 51 2
19 1 38 2
6 2 51 2
17 2 43 2
1 0 51 2
3 0 51 2
14 0 50 2
2 0 50 2
2 0 49 2
6 0 44 2
21 0 38 2
22 0 38 2
24 0 36 2
9 0 34 2
6 0 31 2
4 0 44 2
6 0 31 3
22 0 38 3
21 0 38 3
6 0 44 3
2 0 49 3
2 0 50 3
14 0 50 3
3 0 51 3
1 0 51 3
24 0 36 3
17 2 43 3
11 1 35 3
19 1 38 3
23 1 37 3
2 1 50 3
2 1 51 3
4 1 51 3
4 1 44 3
6 1 31 3
6 1 51 3
6 2 51 3
4 0 44 3
8 1 53 3
15 1 45 3
15 1 46 3
16 1 46 3
9 1 31 3
11 1 31 3
9 1 34 3
11 1 34 3
11 1 36 3
7 1 51 3
11 1 34 4
11 1 31 4
15 1 46 4
15 1 45 4
16 1 46 4
9 1 31 4
11 1 35 4
9 1 34 4
11 1 36 4
6 1 31 4
5 1 36 4
8 1 53 4
7 1 52 4
6 1 51 4
4 1 51 4
4 1 45 4
3 1 50 4
2 1 50 4
2 1 51 4
23 1 37 4
19 1 40 4
19 1 38 4
7 1 51 4
6 2 51 4
17 2 43 4
1 0 51 4
3 0 51 4
14 0 50 4
2 0 50 4
6 0 44 4
21 0 38 4
22 0 38 4
24 0 36 4
4 0 44 4
19 1 29 5
15 1 45 5
15 1 46 5
16 1 46 5
11 1 34 5
9 1 31 5
11 1 31 5
9 1 34 5
19 1 38 5
4 1 51 5
2 1 51 5
2 1 50 5
3 1 50 5
11 1 35 5
4 1 44 5
6 1 51 5
7 1 51 5
8 1 53 5
11 1 36 5
23 1 37 5
24 0 36 5
4 0 44 5
6 0 31 5
22 0 38 5
21 0 38 5
20 0 40 5
6 0 44 5
2 0 50 5
14 0 50 5
3 0 51 5
1 0 51 5
6 2 51 5
17 2 43 5
19 1 38 6
4 1 44 6
15 1 45 6
4 1 45 6
15 1 46 6
16 1 46 6
3 1 50 6
2 1 51 6
4 1 51 6
6 1 51 6
7 1 51 6
14 0 50 6
4 0 44 6
6 0 31 6
24 0 36 6
22 0 38 6
21 0 38 6
6 0 44 6
6 2 51 6
1 0 51 6
3 0 51 6
2 0 50 6
26 1 38 6
23 1 37 6
11 1 36 6
5 1 36 6
6 1 31 6
9 1 31 6
11 1 31 6
11 1 35 6
25 1 35 6
23 1 37 7
11 1 35 7
11 1 34 7
11 1 31 7
11 1 36 7
9 1 31 7
9 1 34 7
7 1 51 7
4 1 51 7
15 1 46 7
3 1 51 7
2 1 50 7
2 1 51 7
19 1 38 7
14 0 50 7
1 0 51 7
3 0 51 7
3 1 50 7
15 1 45 7
16 1 46 7
21 0 38 7
22 0 38 7
6 0 31 7
4 0 44 7
24 0 36 7
6 2 51 7
6 0 44 7
2 0 50 7
15 1 29 8
21 0 38 8
19 0 40 8
6 0 44 8
2 0 50 8
14 0 50 8
1 0 51 8
6 2 51 8
7 2 51 8
24 0 36 8
9 1 34 8
7 1 51 8
6 1 51 8
11 1 35 8
3 1 50 8
2 1 50 8
2 1 51 8
2 1 49 8
23 1 37 8
19 1 38 8
9 1 31 8
9 0 34 8
4 1 51 8
4 0 44 8
6 0 31 8
15 1 45 8
16 1 46 8
16 1 29 8
11 1 36 8
15 1 46 9
16 1 46 9
2 1 50 9
3 1 50 9
2 1 51 9
8 1 53 9
6 1 51 9
7 1 52 9
15 1 45 9
24 0 36 9
4 0 44 9
6 0 31 9
4 1 51 9
19 1 38 9
21 0 38 9
11 1 36 9
11 1 34 9
9 1 34 9
11 1 31 9
19 0 40 9
20 0 40 9
6 0 44 9
2 0 49 9
2 0 50 9
14 0 50 9
3 0 51 9
1 0 51 9
7 0 52 9
6 2 51 9
26 1 38 9
22 0 38 9
6 1 31 9
9 1 31 9
24 0 36 10
7 1 53 10
8 1 53 10
7 1 52 10
6 1 51 10
4 1 51 10
3 1 51 10
2 1 51 10
2 1 50 10
4 0 44 10
21 0 38 10
2 0 50 10
2 0 49 10
6 0 44 10
23 0 43 10
20 0 40 10
6 0 31 10
8 0 53 10
3 0 51 10
26 1 36 10
2 1 49 10
9 1 34 10
11 1 35 10
11 1 31 10
11 1 34 10
11 1 36 10
23 1 37 10
5 1 36 10
6 1 31 10
6 1 44 10
9 1 31 10
3 1 50 10
23 1 42 10
19 1 38 10
18 1 41 10
1 0 51 10
14 1 46 10
16 1 46 10
15 1 45 10
14 0 50 10
6 2 51 10
7 0 52 10
2 0 50 11
3 1 50 11
2 1 48 11
16 1 46 11
15 1 46 11
4 1 45 11
2 1 50 11
15 1 45 11
23 1 42 11
18 1 41 11
19 1 38 11
23 1 37 11
11 1 36 11
5 1 36 11
4 1 44 11
11 1 35 11
2 1 51 11
6 1 51 11
21 0 38 11
23 0 43 11
6 0 44 11
24 0 36 11
3 1 51 11
9 0 34 11
4 0 30 11
4 0 44 11
8 1 53 11
7 1 52 11
4 1 51 11
6 0 31 11
11 1 34 11
14 1 46 11
11 1 31 11
14 0 50 11
3 0 51 11
9 1 34 11
7 0 52 11
6 2 51 11
1 0 51 11
9 1 31 11
9 1 34 12
11 1 36 12
9 1 31 12
11 1 31 12
6 1 31 12
19 1 29 12
16 1 46 12
15 1 46 12
15 1 45 12
11 1 35 12
11 1 34 12
4 1 51 12
8 1 53 12
7 1 52 12
6 1 44 12
6 1 51 12
4 1 45 12
3 1 50 12
2 1 50 12
2 1 51 12
26 1 38 12
19 1 38 12
2 1 48 12
7 0 52 12
1 0 51 12
3 0 51 12
14 0 50 12
2 0 50 12
2 0 49 12
6 0 44 12
20 0 40 12
21 0 38 12
24 0 36 12
6 0 31 12
8 0 53 12
4 0 44 12
6 2 51 12
3 1 51 13
23 1 37 13
11 1 36 13
11 1 35 13
11 1 34 13
9 1 34 13
11 1 31 13
9 1 31 13
6 1 31 13
16 1 46 13
15 1 45 13
15 1 46 13
8 1 53 13
7 1 52 13
6 1 51 13
4 1 51 13
3 1 50 13
2 1 51 13
2 1 50 13
2 1 49 13
19 1 38 13
19 1 40 13
6 2 51 13
0 2 43 13
7 0 52 13
1 0 51 13
3 0 51 13
14 0 50 13
2 0 50 13
2 0 49 13
6 0 44 13
21 0 38 13
22 0 38 13
24 0 36 13
4 0 44 13
6 0 31 13
11 1 31 14
15 1 45 14
15 1 46 14
16 1 46 14
6 1 31 14
11 1 34 14
9 1 31 14
25 1 35 14
11 1 35 14
5 1 36 14
11 1 36 14
26 1 36 14
8 1 53 14
7 1 52 14
6 1 51 14
4 1 51 14
3 1 50 14
2 1 50 14
2 1 51 14
26 1 38 14
19 1 38 14
6 2 51 14
17 2 43 14
7 0 52 14
1 0 51 14
3 0 51 14
14 0 50 14
2 0 50 14
2 0 49 14
6 0 44 14
21 0 38 14
24 0 36 14
8 0 53 14
4 0 44 14
6 0 31 14
17 2 43 15
6 2 51 15
7 0 52 15
2 1 49 15
3 0 51 15
11 1 31 15
9 1 31 15
6 1 31 15
4 1 30 15
16 1 46 15
15 1 45 15
11 1 35 15
11 1 34 15
11 1 36 15
9 1 34 15
8 1 53 15
7 1 52 15
7 1 51 15
6 1 44 15
5 1 36 15
4 1 44 15
4 1 51 15
4 1 45 15
3 1 51 15
3 1 50 15
2 1 51 15
26 1 38 15
1 0 51 15
23 1 42 15
19 1 38 15
18 1 41 15
23 1 37 15
14 0 50 15
2 0 50 15
2 0 49 15
6 0 44 15
21 0 38 15
24 0 36 15
6 0 31 15
4 0 30 15
8 0 53 15
4 0 44 15
11 1 35 16
11 1 36 16
11 1 34 16
8 1 31 16
6 1 31 16
16 1 46 16
15 1 46 16
15 1 45 16
11 1 31 16
9 1 31 16
6 1 51 16
8 1 53 16
7 1 52 16
7 1 51 16
5 1 36 16
4 1 44 16
19 1 38 16
26 1 38 16
2 1 48 16
2 1 50 16
2 1 51 16
4 0 44 16
4 1 51 16
6 2 51 16
7 0 52 16
1 0 51 16
3 0 51 16
14 0 50 16
2 0 50 16
2 0 49 16
6 0 44 16
20 0 40 16
21 0 38 16
24 0 36 16
6 0 31 16
3 1 50 16
7 1 51 17
15 1 45 17
15 1 46 17
16 1 46 17
9 1 31 17
11 1 31 17
6 1 31 17
11 1 35 17
11 1 34 17
11 1 36 17
19 1 38 17
26 1 38 17
4 1 45 17
9 1 34 17
2 1 51 17
2 1 50 17
3 1 50 17
4 1 51 17
4 1 44 17
6 1 51 17
7 1 52 17
8 1 53 17
4 0 44 17
8 0 53 17
6 0 31 17
7 0 52 17
21 0 38 17
6 2 51 17
24 0 36 17
3 0 51 17
14 0 50 17
1 0 51 17
2 0 50 17
2 0 49 17
6 0 44 17
24 0 36 18
2 0 50 18
2 0 49 18
6 0 44 18
20 0 40 18
21 0 38 18
22 0 38 18
11 1 35 18
9 0 34 18
8 0 53 18
2 1 48 18
14 1 46 18
15 1 46 18
16 1 46 18
15 1 45 18
4 1 45 18
4 1 44 18
23 1 42 18
19 1 38 18
26 1 38 18
23 1 37 18
6 0 31 18
11 1 36 18
2 1 50 18
3 1 50 18
2 1 51 18
4 1 51 18
3 1 51 18
6 1 51 18
7 1 52 18
8 1 53 18
4 0 44 18
6 2 51 18
3 0 51 18
14 0 50 18
5 1 36 18
9 1 31 18
11 1 34 18
11 1 31 18
15 1 29 18
9 1 34 18
7 0 52 18
6 1 31 18
1 0 51 18
8 0 53 19
4 0 44 19
24 0 36 19
8 1 53 19
4 1 51 19
6 1 51 19
2 1 51 19
3 1 50 19
6 0 31 19
7 1 51 19
14 0 50 19
21 0 38 19
20 0 40 19
6 0 44 19
2 0 49 19
2 0 50 19
3 0 51 19
1 0 51 19
6 2 51 19
2 1 50 19
22 0 38 19
2 1 49 19
11 1 34 19
15 1 45 19
6 1 31 19
5 1 36 19
4 1 44 19
9 1 34 19
4 1 45 19
26 1 38 19
23 1 37 19
19 1 38 19
18 1 41 19
16 1 46 19
11 1 35 19
11 1 36 19
11 1 31 19
6 1 31 20
6 1 51 20
7 1 51 20
4 1 51 20
7 1 52 20
3 1 51 20
3 1 50 20
4 1 44 20
2 1 50 20
2 1 51 20
2 1 49 20
23 1 37 20
19 1 38 20
18 1 41 20
18 0 41 20
11 1 35 20
11 1 36 20
16 1 46 20
14 1 46 20
11 1 34 20
8 1 53 20
9 1 34 20
9 1 31 20
15 1 45 20
11 1 31 20
6 2 51 20
7 0 52 20
1 0 51 20
3 0 51 20
14 0 50 20
2 0 50 20
2 0 49 20
6 0 44 20
15 1 46 20
22 0 38 20
21 0 38 20
24 0 36 20
4 0 44 20
8 0 53 20
6 0 31 20
7 1 52 21
3 1 51 21
4 1 51 21
2 1 51 21
3 1 50 21
15 1 46 21
2 1 48 21
15 1 45 21
18 1 41 21
19 1 38 21
8 1 53 21
2 1 50 21
24 0 36 21
2 0 49 21
8 0 53 21
6 0 31 21
22 0 38 21
21 0 38 21
6 0 44 21
2 0 50 21
14 0 50 21
3 0 51 21
1 0 51 21
7 0 52 21
6 2 51 21
4 0 44 21
26 1 38 21
11 1 35 21
11 1 36 21
9 1 31 21
6 1 31 21
5 1 36 21
11 1 34 21
11 1 31 21
21 0 38 22
24 0 36 22
11 1 31 22
11 1 34 22
11 1 35 22
11 1 36 22
19 1 38 22
4 1 44 22
15 1 45 22
6 2 51 22
15 1 46 22
22 0 38 22
2 1 49 22
3 1 50 22
2 1 50 22
4 1 51 22
3 1 51 22
6 1 51 22
8 1 53 22
4 0 44 22
2 1 48 22
14 0 50 22
3 0 51 22
9 1 31 22
15 1 29 22
20 0 40 22
6 0 44 22
2 0 49 22
2 0 50 22
9 0 53 22
15 1 46 23
2 1 51 23
3 1 50 23
16 1 46 23
11 1 36 23
15 1 45 23
4 1 51 23
4 1 45 23
2 1 50 23
2 1 49 23
23 1 37 23
19 1 38 23
18 1 41 23
9 1 34 23
11 1 35 23
11 1 31 23
9 1 31 23
6 1 51 23
19 0 40 23
8 1 53 23
6 2 51 23
1 0 51 23
14 0 50 23
2 0 50 23
2 0 49 23
6 0 44 23
21 0 38 23
22 0 38 23
24 0 36 23
4 0 44 23
8 0 53 23
6 0 31 23
2 1 48 24
2 1 50 24
3 1 50 24
4 1 51 24
6 1 51 24
3 1 51 24
16 1 46 24
8 1 53 24
24 0 36 24
2 1 51 24
15 1 46 24
21 0 38 24
4 1 45 24
22 0 38 24
6 0 31 24
4 0 44 24
6 0 44 24
2 0 49 24
20 0 40 24
2 0 50 24
14 0 50 24
1 0 51 24
6 2 51 24
19 1 38 24
18 1 41 24
23 1 42 24
15 1 45 24
11 1 36 24
6 1 31 24
11 1 34 24
11 1 31 24
9 1 31 24
11 1 35 24
9 1 34 24
23 1 37 24
26 1 38 24
24 0 36 25
19 0 40 25
4 0 44 25
6 1 51 25
21 0 38 25
3 1 51 25
11 1 36 25
2 1 50 25
15 1 45 25
4 1 44 25
19 1 38 25
26 1 38 25
23 1 37 25
11 1 34 25
11 1 31 25
9 1 31 25
4 1 30 25
16 1 46 25
6 0 44 25
3 1 50 25
4 1 51 25
2 1 49 25
14 0 50 25
1 0 51 25
6 2 51 25
2 0 49 25
2 0 50 25
24 0 36 26
11 1 34 26
11 1 36 26
9 1 31 26
4 1 44 26
7 1 52 26
6 1 51 26
5 1 36 26
4 1 45 26
11 1 35 26
4 1 51 26
3 1 50 26
2 1 50 26
2 1 51 26
2 0 50 26
8 1 53 26
15 1 45 26
14 0 50 26
7 0 52 26
15 1 46 26
16 1 46 26
6 2 51 26
19 1 38 26
22 0 38 26
21 0 38 26
6 0 44 26
4 0 44 26
1 0 51 26
23 1 37 26
19 1 38 27
6 1 31 27
15 1 29 27
20 1 28 27
16 1 46 27
15 1 46 27
15 1 45 27
11 1 31 27
11 1 34 27
11 1 36 27
9 1 34 27
9 1 31 27
8 1 53 27
7 1 51 27
6 1 51 27
4 1 51 27
3 1 51 27
3 1 50 27
2 1 50 27
2 1 51 27
23 1 37 27
23 1 42 27
20 1 40 27
19 1 40 27
11 1 35 27
24 0 36 27
6 0 31 27
4 0 44 27
6 2 51 27
3 0 51 27
14 0 50 27
2 0 50 27
1 0 51 27
6 0 44 27
20 0 40 27
21 0 38 27
22 0 38 27
11 1 31 28
11 1 35 28
11 1 34 28
16 1 46 28
15 1 45 28
11 1 36 28
3 1 50 28
6 1 51 28
4 1 51 28
4 1 45 28
20 1 40 28
19 1 38 28
18 1 41 28
6 0 44 28
2 0 50 28
6 2 51 28
1 0 51 28
3 0 51 28
14 0 50 28
21 0 38 28
24 0 36 28
4 0 44 28
2 1 50 29
3 1 50 29
15 1 45 29
15 1 46 29
16 1 46 29
2 1 51 29
14 1 46 29
3 1 51 29
2 0 50 29
24 0 36 29
4 0 44 29
21 0 38 29
6 0 44 29
2 0 49 29
4 1 45 29
14 0 50 29
3 0 51 29
4 1 51 29
18 1 41 29
26 1 38 29
19 1 38 29
11 1 36 29
11 1 35 29
11 1 31 29
11 1 34 29
6 2 51 29
1 0 51 29
11 1 36 30
9 1 34 30
6 1 51 30
4 1 51 30
3 1 50 30
2 1 50 30
2 1 51 30
2 1 49 30
23 1 37 30
19 1 38 30
22 0 38 30
21 0 38 30
20 0 40 30
6 0 44 30
16 1 46 30
2 0 50 30
14 0 50 30
3 0 51 30
24 0 36 30
6 2 51 30
2 0 49 30
4 0 44 30
15 1 46 30
15 1 45 30
11 1 35 30
11 1 34 30
6 0 31 30
9 0 34 30
3 1 50 31
11 1 36 31
23 1 37 31
19 1 38 31
15 1 45 31
16 1 46 31
15 1 46 31
2 1 49 31
2 1 50 31
4 1 51 31
6 1 51 31
2 1 51 31
8 1 53 31
24 0 36 31
6 2 51 31
3 0 51 31
1 0 51 31
14 0 50 31
2 0 50 31
2 0 49 31
6 0 44 31
21 0 38 31
22 0 38 31
9 0 34 31
11 1 35 31
9 1 34 31
6 0 31 31
6 1 31 31
4 0 44 31
11 1 34 31
11 1 31 31
9 1 31 31
15 1 46 32
15 1 45 32
11 1 31 32
11 1 34 32
11 1 36 32
3 1 50 32
5 1 36 32
4 1 51 32
2 1 50 32
2 1 51 32
26 1 38 32
20 1 40 32
19 1 38 32
6 1 51 32
16 1 46 32
6 0 44 32
24 0 36 32
9 0 34 32
4 0 44 32
9 1 31 32
2 0 50 32
1 0 51 32
14 0 50 32
3 0 51 32
17 2 43 32
6 2 51 32
2 1 50 33
11 1 35 33
9 1 34 33
11 1 34 33
11 1 31 33
16 1 46 33
15 1 46 33
11 1 36 33
6 2 51 33
19 1 38 33
23 1 37 33
6 1 51 33
4 1 45 33
4 1 44 33
4 1 51 33
3 1 50 33
2 1 49 33
2 1 51 33
3 0 51 33
15 1 45 33
24 0 36 33
21 0 38 33
19 0 40 33
6 0 44 33
2 0 50 33
14 0 50 33
4 0 44 33
22 0 38 33
1 0 51 33
26 1 38 34
11 1 35 34
23 1 37 34
11 1 36 34
9 1 34 34
11 1 34 34
11 1 31 34
16 1 46 34
15 1 45 34
15 1 46 34
19 1 38 34
1 0 51 34
2 0 50 34
20 0 40 34
21 0 38 34
22 0 38 34
24 0 36 34
9 0 34 34
14 0 50 34
3 0 51 34
20 1 40 34
4 0 44 34
2 1 51 34
6 1 51 34
4 1 51 34
3 1 50 34
2 1 50 34
6 2 51 34
17 2 43 34
8 1 53 35
9 1 31 35
11 1 35 35
11 1 34 35
11 1 31 35
15 1 45 35
6 1 51 35
6 1 31 35
19 1 38 35
23 1 37 35
26 1 38 35
2 1 51 35
2 1 50 35
3 1 50 35
4 1 51 35
4 1 44 35
5 1 36 35
15 1 46 35
16 1 46 35
11 1 36 35
24 0 36 35
4 0 44 35
6 2 51 35
17 2 43 35
1 0 51 35
3 0 51 35
14 0 50 35
2 0 50 35
21 0 38 35
22 0 38 35
9 0 34 35
6 0 31 35
8 0 53 35
6 0 44 35
19 1 38 36
11 1 31 36
11 1 35 36
23 1 35 36
11 1 34 36
5 1 31 36
16 1 46 36
15 1 45 36
15 1 46 36
6 1 51 36
4 1 45 36
4 1 51 36
3 1 50 36
6 2 51 36
23 2 35 36
17 2 43 36
1 0 51 36
3 0 51 36
2 0 50 36
6 0 44 36
14 0 50 36
24 0 36 36
9 0 53 36
4 0 44 36
21 0 38 36
6 0 44 37
24 0 36 37
2 0 50 37
6 2 51 37
1 0 51 37
21 0 38 37
9 0 34 37
23 0 32 37
3 1 50 37
4 1 45 37
4 1 44 37
21 1 38 37
23 1 37 37
11 1 36 37
2 1 51 37
4 1 51 37
5 1 36 37
6 1 51 37
11 1 35 37
11 1 31 37
11 1 34 37
15 1 45 37
16 1 46 37
14 0 50 37
4 0 44 37
3 0 51 37
11 1 34 38
11 1 31 38
16 1 46 38
11 1 35 38
5 1 36 38
11 1 36 38
23 1 37 38
19 1 38 38
15 1 46 38
9 1 34 38
3 1 50 38
15 1 45 38
6 2 51 38
1 0 51 38
3 0 51 38
14 0 50 38
2 0 50 38
20 0 40 38
21 0 38 38
2 1 50 38
22 0 38 38
9 0 34 38
4 0 44 38
24 0 36 38
6 1 51 38
3 1 51 38
2 1 51 38
4 1 51 38
11 1 36 39
15 1 46 39
5 1 36 39
19 1 38 39
4 1 44 39
15 1 45 39
4 1 45 39
16 1 46 39
14 1 46 39
3 1 50 39
21 0 38 39
3 1 51 39
24 0 36 39
4 0 44 39
24 0 35 39
11 1 35 39
6 0 44 39
4 1 51 39
11 1 34 39
11 1 31 39
9 1 31 39
2 0 50 39
14 0 50 39
3 0 51 39
1 0 51 39
6 2 51 39
6 0 44 40
4 0 44 40
24 0 35 40
21 0 38 40
2 0 49 40
19 1 38 40
2 0 50 40
14 0 50 40
1 0 51 40
23 2 35 40
6 2 51 40
6 1 51 40
3 1 51 40
24 0 36 40
2 1 50 40
11 1 35 40
11 1 36 40
11 1 34 40
11 1 31 40
9 1 31 40
15 1 45 40
5 1 36 40
3 1 50 40
26 1 38 40
23 1 37 40
23 1 35 40
4 1 51 40
15 1 46 40
16 1 46 40
4 1 51 41
9 1 31 41
6 1 51 41
8 1 53 41
7 1 51 41
5 1 36 41
9 1 34 41
11 1 34 41
16 1 46 41
11 1 31 41
11 1 35 41
11 1 36 41
15 1 46 41
15 1 45 41
4 1 45 41
18 1 41 41
19 1 40 41
19 1 38 41
26 1 38 41
23 1 35 41
21 1 38 41
3 1 50 41
24 0 36 41
2 1 50 41
7 2 51 41
6 2 51 41
23 2 35 41
14 0 50 41
2 0 50 41
2 0 49 41
6 0 44 41
19 0 40 41
21 0 38 41
6 0 31 41
4 0 44 41
2 1 51 41
2 1 49 41
15 1 45 42
6 2 51 42
11 1 36 42
11 1 35 42
23 1 35 42
11 1 34 42
11 1 31 42
9 1 31 42
16 1 46 42
15 1 46 42
7 1 52 42
4 1 51 42
3 1 50 42
2 1 51 42
2 1 49 42
23 1 37 42
19 1 38 42
14 0 50 42
2 0 50 42
2 0 49 42
6 0 44 42
19 0 40 42
21 0 38 42
22 0 38 42
24 0 36 42
6 0 31 42
23 2 35 42
9 0 53 42
4 0 44 42
4 0 30 42
23 1 37 43
2 1 50 43
2 1 48 43
16 1 46 43
21 1 38 43
15 1 45 43
19 1 39 43
19 1 38 43
3 1 50 43
15 1 46 43
2 1 51 43
24 0 36 43
4 0 44 43
6 0 31 43
22 0 38 43
21 0 38 43
6 0 44 43
2 0 49 43
2 0 50 43
7 1 52 43
11 1 36 43
9 1 34 43
14 0 50 43
4 1 51 43
4 1 30 43
11 1 35 43
6 1 31 43
11 1 34 43
6 2 51 43
11 1 31 44
21 0 38 44
15 0 38 44
20 0 40 44
6 0 44 44
2 0 49 44
2 0 50 44
14 0 50 44
6 2 51 44
8 1 52 44
6 1 44 44
6 1 51 44
4 1 44 44
4 1 51 44
3 1 51 44
3 1 50 44
2 1 50 44
2 1 51 44
2 1 48 44
23 1 37 44
19 1 38 44
19 1 40 44
11 1 34 44
24 0 36 44
9 0 34 44
11 1 36 44
15 1 29 44
4 0 44 44
16 1 46 44
15 1 45 44
19 0 40 44
11 1 34 45
11 1 31 45
9 1 31 45
15 1 46 45
15 1 45 45
11 1 35 45
11 1 36 45
2 1 51 45
8 1 53 45
6 1 51 45
4 1 51 45
3 1 50 45
2 1 48 45
2 1 49 45
2 1 50 45
26 1 38 45
19 1 38 45
6 2 51 45
14 0 50 45
2 0 50 45
2 0 49 45
6 0 44 45
21 0 38 45
24 0 36 45
9 0 34 45
17 2 43 45
19 0 40 45
4 0 44 45
20 1 40 46
23 1 42 46
2 1 49 46
15 1 45 46
15 1 46 46
16 1 46 46
4 1 45 46
19 1 38 46
11 1 31 46
11 1 36 46
11 1 35 46
9 1 34 46
11 1 34 46
2 1 50 46
23 1 37 46
3 1 50 46
24 0 36 46
6 1 51 46
6 2 51 46
7 0 52 46
14 0 50 46
2 0 50 46
2 0 49 46
4 1 51 46
6 0 44 46
22 0 38 46
9 0 34 46
8 0 53 46
4 0 44 46
19 0 40 46
8 1 53 46
7 1 52 46
2 1 51 46
21 0 38 46
2 1 51 47
6 1 51 47
4 1 51 47
2 1 50 47
2 1 49 47
16 1 46 47
15 1 46 47
15 1 45 47
4 1 45 47
4 1 44 47
3 1 50 47
7 1 52 47
24 0 36 47
4 0 44 47
4 0 30 47
9 0 34 47
6 1 44 47
21 0 38 47
6 0 44 47
2 0 49 47
2 0 50 47
14 0 50 47
19 0 40 47
19 1 40 47
9 1 34 47
11 1 36 47
19 1 38 47
5 1 36 47
11 1 35 47
11 1 31 47
11 1 34 47
7 0 52 47
6 2 51 47
16 1 46 48
2 0 49 48
19 0 40 48
21 0 38 48
24 0 36 48
9 0 34 48
4 0 44 48
2 1 48 48
2 1 51 48
2 1 50 48
3 1 50 48
4 1 51 48
6 1 51 48
11 1 36 48
11 1 31 48
11 1 34 48
15 1 45 48
15 1 46 48
2 1 49 48
23 1 37 48
19 1 38 48
19 1 40 48
20 1 40 48
2 0 50 48
14 0 50 48
6 2 51 48
2 1 50 49
4 1 51 49
6 1 51 49
2 1 51 49
3 1 51 49
19 0 40 49
11 1 36 49
24 0 36 49
22 0 38 49
21 0 38 49
6 0 44 49
2 0 49 49
2 0 50 49
14 0 50 49
6 2 51 49
4 0 44 49
11 1 31 49
19 1 38 49
2 1 48 49
15 1 46 49
16 1 46 49
15 1 45 49
4 1 44 49
20 1 40 49
3 1 50 49
11 1 34 49
2 1 49 49
19 0 40 50
4 0 44 50
20 0 28 50
24 0 36 50
21 0 38 50
17 2 43 50
14 0 50 50
2 0 50 50
2 0 49 50
6 1 51 50
6 0 44 50
6 2 51 50
4 1 51 50
11 1 34 50
2 1 50 50
3 1 50 50
2 1 49 50
2 1 48 50
20 1 28 50
4 1 45 50
9 1 31 50
9 1 34 50
11 1 36 50
11 1 31 50
11 1 35 50
15 1 45 50
16 1 46 50
15 1 46 50
19 1 38 50
2 1 50 51
11 1 31 51
11 1 34 51
11 1 36 51
9 1 34 51
8 1 53 51
24 0 36 51
22 0 38 51
21 0 38 51
6 0 44 51
2 0 49 51
2 0 50 51
14 0 50 51
1 0 51 51
6 2 51 51
4 1 30 51
4 1 44 51
4 1 51 51
3 1 51 51
3 1 50 51
6 1 51 51
15 1 45 51
9 0 34 51
16 1 46 51
23 1 37 51
19 1 38 51
15 1 46 51
2 1 49 51
19 0 40 51
4 0 44 51
1 0 51 52
11 1 36 52
11 1 34 52
11 1 31 52
15 1 29 52
16 1 46 52
15 1 46 52
15 1 45 52
6 1 51 52
4 1 44 52
4 1 51 52
3 1 50 52
2 1 51 52
2 1 50 52
2 1 49 52
26 1 38 52
23 1 42 52
19 1 38 52
6 2 51 52
2 0 50 52
2 0 49 52
6 0 44 52
21 0 38 52
24 0 36 52
9 0 34 52
8 0 53 52
4 0 44 52
14 0 50 52
19 0 40 52
19 0 40 53
2 1 48 53
2 1 49 53
3 1 50 53
2 1 50 53
4 1 51 53
6 1 51 53
16 1 46 53
2 1 51 53
3 1 51 53
24 0 36 53
15 0 38 53
22 0 38 53
21 0 38 53
6 0 44 53
2 0 49 53
2 0 50 53
14 0 50 53
1 0 51 53
15 1 46 53
9 0 34 53
15 1 45 53
19 1 38 53
23 1 42 53
17 2 43 53
23 1 37 53
4 1 44 53
11 1 34 53
11 1 31 53
15 1 29 53
6 2 51 53
4 0 44 53
23 1 37 54
9 1 34 54
11 1 34 54
11 1 31 54
16 1 46 54
15 1 46 54
15 1 45 54
14 1 46 54
11 1 36 54
11 1 35 54
6 1 51 54
4 1 51 54
3 1 50 54
2 1 50 54
2 1 49 54
2 1 48 54
26 1 38 54
19 1 38 54
6 2 51 54
20 1 40 54
14 0 50 54
1 0 51 54
19 0 40 54
24 0 36 54
4 0 44 54
22 0 38 54
21 0 38 54
6 0 44 54
2 0 49 54
2 0 50 54
4 0 44 55
24 0 36 55
19 0 40 55
2 1 50 55
3 1 51 55
4 1 51 55
8 1 53 55
8 0 53 55
14 0 50 55
13 0 34 55
22 0 38 55
21 0 38 55
6 0 44 55
2 0 49 55
2 0 50 55
3 1 50 55
2 1 49 55
11 1 31 55
16 1 46 55
1 0 51 55
19 1 38 55
2 1 48 55
4 1 44 55
6 1 51 55
11 1 36 55
11 1 34 55
15 1 45 55
6 2 51 55
8 1 53 56
6 1 51 56
3 1 51 56
19 0 40 56
24 0 36 56
4 0 44 56
21 0 38 56
6 0 44 56
2 0 49 56
2 0 50 56
4 1 51 56
14 0 50 56
6 2 51 56
3 1 50 56
2 1 51 56
2 1 49 56
2 1 48 56
19 1 40 56
26 1 38 56
23 1 37 56
17 2 43 56
9 0 34 56
16 1 46 56
19 1 38 56
11 1 36 56
11 1 35 56
11 1 34 56
11 1 31 56
15 1 45 56
9 1 31 56
23 1 37 57
11 1 36 57
3 1 50 57
19 1 38 57
23 1 42 57
4 1 44 57
15 1 45 57
16 1 46 57
15 1 46 57
6 2 51 57
24 0 36 57
2 0 50 57
6 0 44 57
21 0 38 57
3 1 51 57
6 1 51 57
4 1 51 57
2 1 50 57
4 0 44 57
11 1 35 57
14 0 50 57
11 1 34 57
15 1 29 57
11 1 31 57
19 0 40 57
14 0 50 58
2 0 50 58
2 0 49 58
6 0 44 58
21 0 38 58
24 0 36 58
11 1 34 58
9 0 34 58
4 0 44 58
2 1 51 58
6 1 51 58
4 1 51 58
3 1 50 58
2 1 50 58
2 1 49 58
2 1 48 58
15 1 46 58
16 1 46 58
6 2 51 58
4 1 44 58
19 1 38 58
4 1 45 58
23 1 37 58
19 1 40 58
11 1 36 58
15 1 45 58
11 1 31 58
9 0 34 59
23 1 37 59
2 1 50 59
2 1 49 59
2 1 51 59
3 1 50 59
6 1 51 59
9 1 31 59
11 1 36 59
11 1 35 59
11 1 34 59
11 1 31 59
15 1 45 59
19 1 38 59
15 1 46 59
16 1 46 59
6 2 51 59
4 1 51 59
2 0 50 59
4 0 44 59
14 0 50 59
24 0 36 59
21 0 38 59
6 0 44 59
2 0 49 59
15 1 45 60
2 0 50 60
2 0 49 60
6 0 44 60
21 0 38 60
24 0 36 60
9 0 34 60
4 0 44 60
2 1 51 60
6 1 51 60
4 1 51 60
2 1 50 60
3 1 50 60
2 1 48 60
16 1 46 60
15 1 46 60
19 1 38 60
3 1 51 60
11 1 36 60
11 1 34 60
11 1 31 60
26 1 38 60
14 0 50 60
7 0 52 60
6 2 51 60
7 2 51 60
4 1 45 61
2 1 51 61
15 1 45 61
16 1 46 61
15 1 46 61
14 1 46 61
3 1 50 61
2 1 50 61
4 1 51 61
3 1 51 61
4 0 44 61
24 0 36 61
21 0 38 61
6 0 44 61
2 0 50 61
14 0 50 61
1 0 51 61
6 2 51 61
4 1 44 61
19 1 38 61
6 1 51 61
11 1 36 61
11 1 34 61
11 1 31 61
20 0 40 62
2 0 49 62
6 0 44 62
2 0 50 62
2 1 50 62
14 0 50 62
21 0 38 62
1 0 51 62
24 0 36 62
4 0 44 62
6 1 51 62
3 1 50 62
4 1 51 62
9 1 34 62
11 1 31 62
11 1 36 62
11 1 34 62
11 1 35 62
12 1 35 62
15 1 46 62
15 1 45 62
16 1 46 62
23 1 42 62
19 1 38 62
6 2 51 62
16 1 46 63
2 1 50 63
3 1 50 63
15 1 46 63
15 1 45 63
19 1 38 63
26 1 38 63
23 1 37 63
11 1 36 63
11 1 35 63
9 1 34 63
11 1 34 63
11 1 31 63
6 1 51 63
4 1 51 63
3 1 51 63
2 1 51 63
7 2 51 63
6 2 51 63
1 0 51 63
14 0 50 63
2 0 50 63
20 0 40 63
21 0 38 63
24 0 36 63
9 0 34 63
4 0 44 63
6 0 44 63
3 1 50 64
2 1 50 64
2 1 51 64
26 1 38 64
23 1 37 64
19 1 38 64
18 1 41 64
11 1 34 64
11 1 36 64
14 1 46 64
15 1 46 64
15 1 29 64
4 1 51 64
16 1 46 64
6 1 51 64
15 1 45 64
4 1 45 64
14 0 50 64
2 0 50 64
6 0 44 64
21 0 38 64
6 2 51 64
24 0 36 64
4 0 44 64
22 0 38 64
6 2 51 65
1 0 51 65
2 1 49 65
3 1 50 65
2 1 50 65
4 1 51 65
24 0 36 65
9 0 34 65
22 0 38 65
21 0 38 65
2 0 49 65
2 0 50 65
14 0 50 65
6 1 51 65
4 0 44 65
4 1 45 65
11 1 31 65
11 1 36 65
11 1 34 65
14 1 46 65
15 1 45 65
2 1 48 65
16 1 46 65
19 1 38 65
23 1 37 65
23 1 42 66
11 1 36 66
11 1 34 66
11 1 31 66
9 1 31 66
16 1 46 66
6 2 51 66
4 1 51 66
19 1 38 66
23 1 37 66
2 1 50 66
3 1 50 66
15 1 46 66
15 1 45 66
4 1 44 66
4 1 45 66
3 1 51 66
4 0 44 66
24 0 36 66
22 0 38 66
21 0 38 66
6 0 44 66
2 0 50 66
2 0 49 66
14 0 50 66
1 0 51 66
11 1 31 67
19 1 38 67
2 1 48 67
24 0 36 67
3 1 50 67
4 1 44 67
4 1 45 67
15 1 45 67
15 1 46 67
16 1 46 67
2 1 49 67
2 1 50 67
4 1 51 67
6 1 51 67
3 1 51 67
8 1 52 67
11 1 36 67
11 1 35 67
9 1 34 67
9 1 31 67
11 1 34 67
8 0 53 67
4 0 44 67
9 0 53 67
22 0 38 67
6 0 44 67
21 0 38 67
2 0 50 67
14 0 50 67
1 0 51 67
6 2 51 67
2 0 49 67
15 1 45 68
11 1 31 68
11 1 34 68
12 1 35 68
15 1 46 68
11 1 35 68
6 1 31 68
9 1 31 68
11 1 36 68
16 1 46 68
9 1 34 68
3 1 50 68
8 1 53 68
5 1 36 68
4 1 51 68
3 1 51 68
2 1 50 68
2 1 51 68
25 1 35 68
23 1 37 68
19 1 38 68
24 0 36 68
4 0 44 68
4 0 30 68
6 0 31 68
21 0 38 68
20 0 40 68
2 0 50 68
14 0 50 68
7 2 51 68
1 0 51 68
4 1 51 69
23 1 37 69
25 1 35 69
2 1 51 69
2 1 50 69
3 1 50 69
6 1 31 69
19 1 38 69
9 1 31 69
15 1 45 69
16 1 46 69
8 1 53 69
24 0 36 69
4 0 44 69
9 0 34 69
22 0 38 69
21 0 38 69
20 0 40 69
2 0 50 69
14 0 50 69
1 0 51 69
7 2 51 69
6 0 31 69
11 1 36 69
11 1 31 69
11 1 35 69
9 1 34 69
11 1 34 69
15 1 45 70
14 1 46 70
18 1 41 70
20 1 40 70
19 1 38 70
5 1 36 70
11 1 36 70
11 1 35 70
15 1 46 70
11 1 31 70
7 2 51 70
9 1 31 70
4 1 30 70
15 1 29 70
11 1 34 70
8 1 53 70
17 2 43 70
14 0 50 70
2 0 49 70
19 0 40 70
21 0 38 70
24 0 36 70
6 0 31 70
4 0 30 70
8 0 53 70
4 0 44 70
4 1 51 70
2 1 51 70
3 1 50 70
2 1 50 70
2 1 48 70
16 1 46 70
2 0 50 70
1 0 51 70
11 1 31 71
9 1 31 71
6 1 31 71
16 1 46 71
15 1 45 71
15 1 46 71
11 1 34 71
5 1 36 71
4 1 51 71
4 1 45 71
3 1 50 71
2 1 50 71
2 1 51 71
19 1 38 71
9 1 34 71
2 0 50 71
7 2 51 71
21 0 38 71
1 0 51 71
14 0 50 71
22 0 38 71
24 0 36 71
6 0 31 71
4 0 44 71
4 0 30 71
4 1 51 72
19 1 38 72
15 1 46 72
16 1 46 72
19 1 29 72
3 1 50 72
2 1 51 72
24 0 36 72
4 0 44 72
23 1 37 72
6 0 31 72
21 0 38 72
20 0 40 72
2 0 50 72
14 0 50 72
1 0 51 72
0 2 43 72
17 2 43 72
7 2 51 72
5 1 36 72
15 1 45 72
11 1 35 72
6 1 31 72
9 1 34 72
9 1 31 72
11 1 36 72
11 1 34 72
5 1 36 73
11 1 36 73
11 1 35 73
11 1 34 73
6 1 31 73
16 1 46 73
11 1 31 73
15 1 45 73
19 1 38 73
15 1 46 73
7 2 51 73
2 1 51 73
4 1 51 73
4 0 44 73
6 0 31 73
9 0 34 73
9 1 31 73
1 0 51 73
14 0 50 73
2 0 50 73
21 0 38 73
3 1 50 73
24 0 36 73
22 0 38 73
11 1 35 74
19 1 40 74
24 0 36 74
2 1 51 74
3 1 50 74
14 1 46 74
15 1 46 74
16 1 46 74
15 1 45 74
20 1 40 74
19 1 38 74
7 1 51 74
11 1 34 74
11 1 36 74
11 1 31 74
5 1 36 74
6 0 31 74
22 0 38 74
19 0 40 74
20 0 40 74
21 0 38 74
2 0 50 74
14 0 50 74
6 2 51 74
7 2 51 74
7 0 44 74
11 1 36 75
15 1 46 75
14 1 46 75
11 1 31 75
11 1 35 75
11 1 34 75
19 1 38 75
4 1 45 75
3 1 50 75
2 1 51 75
2 1 50 75
20 1 40 75
6 1 31 75
16 1 46 75
15 1 45 75
6 0 31 75
9 0 34 75
21 0 38 75
20 0 40 75
2 0 50 75
14 0 50 75
7 2 51 75
24 0 36 75
4 1 51 76
14 1 46 76
2 1 51 76
2 1 50 76
2 1 48 76
11 1 34 76
23 1 42 76
19 1 38 76
7 2 51 76
17 2 43 76
14 0 50 76
2 0 50 76
2 0 49 76
21 0 38 76
24 0 36 76
9 0 34 76
6 0 31 76
4 0 30 76
4 1 45 76
3 1 50 76
15 1 45 76
11 1 31 76
9 1 31 76
6 1 31 76
4 1 30 76
16 1 46 76
15 1 46 76
9 1 34 76
2 1 50 77
6 1 31 77
9 1 34 77
11 1 35 77
11 1 34 77
15 1 46 77
11 1 31 77
14 1 46 77
5 1 36 77
11 1 36 77
4 1 45 77
2 1 51 77
2 1 49 77
15 1 45 77
23 1 37 77
19 1 38 77
3 1 50 77
16 1 46 77
24 0 36 77
4 0 30 77
6 0 31 77
22 0 38 77
21 0 38 77
20 0 40 77
4 0 44 77
2 0 49 77
2 0 50 77
14 0 50 77
2 0 51 77
1 0 51 77
17 2 43 77
6 2 51 77
7 2 51 77
4 0 30 78
15 1 45 78
4 1 45 78
16 1 46 78
14 1 46 78
2 1 49 78
3 1 50 78
2 1 50 78
2 1 51 78
24 0 36 78
6 0 31 78
19 1 38 78
9 0 34 78
22 0 38 78
21 0 38 78
20 0 40 78
4 0 44 78
2 0 49 78
2 0 50 78
14 0 50 78
1 0 51 78
6 2 51 78
7 2 51 78
23 1 37 78
11 1 35 78
4 1 30 78
6 1 31 78
9 1 34 78
9 1 31 78
11 1 34 78
11 1 36 78
11 1 31 78
4 0 44 79
19 1 38 79
19 1 40 79
15 1 45 79
4 1 45 79
14 1 46 79
16 1 46 79
2 1 50 79
3 1 50 79
2 1 51 79
7 1 51 79
24 0 36 79
4 0 30 79
11 1 36 79
6 0 31 79
22 0 38 79
21 0 38 79
6 1 31 79
2 0 49 79
2 0 50 79
14 0 50 79
17 2 43 79
6 2 51 79
7 2 51 79
4 1 30 79
2 1 49 79
11 1 35 79
9 1 34 79
11 1 31 79
20 1 28 79
11 1 36 80
7 1 51 80
2 1 51 80
3 1 50 80
2 1 50 80
16 1 46 80
19 1 40 80
4 1 45 80
19 1 38 80
23 1 37 80
24 0 36 80
15 1 45 80
4 0 30 80
4 0 44 80
9 0 34 80
7 2 51 80
1 0 51 80
14 0 50 80
2 0 50 80
2 0 49 80
19 0 40 80
15 0 38 80
21 0 38 80
22 0 38 80
5 1 36 80
6 0 31 80
11 1 35 80
15 1 29 80
6 1 31 80
9 1 34 80
11 1 34 80
11 1 31 80
6 0 31 81
24 0 36 81
2 1 48 81
3 1 50 81
2 1 51 81
7 1 51 81
11 1 36 81
11 1 34 81
9 1 34 81
14 1 46 81
9 1 31 81
6 1 31 81
5 1 36 81
4 1 30 81
4 1 45 81
2 1 50 81
26 1 38 81
23 1 37 81
19 1 38 81
4 0 30 81
16 1 46 81
22 0 38 81
21 0 38 81
4 0 44 81
2 0 50 81
14 0 50 81
7 2 51 81
11 1 35 81
15 1 45 81
11 1 31 81
2 1 51 82
11 1 31 82
9 1 31 82
9 1 34 82
11 1 35 82
11 1 36 82
23 1 37 82
19 1 38 82
6 1 31 82
4 1 44 82
15 1 45 82
14 1 46 82
15 1 46 82
16 1 46 82
2 1 50 82
3 1 50 82
4 1 45 82
7 1 51 82
16 1 29 82
15 1 29 82
24 0 36 82
6 0 31 82
4 0 44 82
7 2 51 82
17 2 43 82
1 0 51 82
14 0 50 82
2 0 50 82
3 0 47 82
20 0 40 82
15 0 38 82
21 0 38 82
22 0 38 82
15 1 46 83
15 1 45 83
14 1 46 83
11 1 36 83
11 1 34 83
5 1 36 83
9 1 31 83
9 1 34 83
7 1 51 83
11 1 35 83
3 1 50 83
2 1 48 83
2 1 50 83
2 1 49 83
23 1 42 83
23 1 37 83
19 1 38 83
16 1 46 83
6 1 31 83
11 1 31 83
2 1 51 83
20 1 40 83
21 0 38 83
15 0 38 83
2 0 49 83
2 0 50 83
14 0 50 83
1 0 51 83
7 2 51 83
22 0 38 83
24 0 36 83
6 0 31 83
4 0 44 83
15 1 46 84
23 1 42 84
23 1 37 84
20 1 28 84
16 1 46 84
15 1 45 84
3 1 50 84
11 1 34 84
11 1 36 84
9 1 31 84
9 1 34 84
6 1 31 84
19 1 38 84
11 1 31 84
6 2 51 84
2 0 51 84
14 0 50 84
2 0 50 84
20 0 40 84
21 0 38 84
24 0 36 84
6 0 31 84
4 0 44 84
2 1 51 84
2 1 50 84
16 1 46 85
11 1 36 85
17 2 43 85
7 2 51 85
2 1 50 85
2 1 51 85
26 1 38 85
23 1 37 85
5 1 36 85
21 1 38 85
2 0 50 85
11 1 34 85
6 1 31 85
20 1 28 85
15 1 45 85
15 1 46 85
2 0 49 85
20 0 40 85
21 0 38 85
22 0 38 85
24 0 36 85
6 0 31 85
4 0 44 85
3 1 50 85
1 0 51 85
4 1 45 85
19 1 38 85
14 0 50 85
19 1 38 86
2 1 48 86
4 1 51 86
2 1 51 86
24 0 36 86
11 1 31 86
15 1 46 86
15 1 45 86
16 1 46 86
4 1 30 86
9 1 31 86
20 0 40 86
2 0 50 86
14 0 50 86
6 2 51 86
7 2 51 86
3 1 50 86
4 1 45 86
23 1 37 86
2 1 50 86
5 1 36 86
21 0 38 86
11 1 36 86
11 1 35 86
23 1 42 87
23 1 37 87
2 1 50 87
4 1 51 87
6 1 31 87
8 1 53 87
9 1 31 87
11 1 31 87
19 1 38 87
21 0 38 87
14 0 50 87
2 0 50 87
2 0 49 87
1 0 51 87
7 2 51 87
16 1 46 87
15 1 45 87
24 0 36 87
6 0 31 87
22 0 38 87
2 1 51 88
24 0 36 88
4 1 51 88
7 1 51 88
9 0 34 88
21 0 38 88
14 0 50 88
2 0 49 88
2 0 50 88
1 0 51 88
6 2 51 88
7 2 51 88
3 1 50 88
20 0 40 88
2 1 50 88
15 1 46 88
23 1 37 88
23 1 42 88
19 1 38 88
5 1 36 88
6 1 31 88
9 1 34 88
11 1 35 88
11 1 36 88
11 1 31 88
15 1 45 88
16 1 46 88
6 0 44 89
24 0 36 89
22 0 38 89
21 0 38 89
20 0 40 89
2 0 49 89
2 0 50 89
9 0 34 89
14 0 50 89
7 2 51 89
16 1 46 89
15 1 45 89
15 1 46 89
11 1 31 89
11 1 34 89
6 2 51 89
6 0 31 89
8 0 53 89
4 0 44 89
23 1 42 89
19 1 38 89
23 1 37 89
11 1 36 89
5 1 36 89
11 1 35 89
9 1 34 89
3 1 50 89
2 1 51 89
2 1 48 89
2 1 50 89
26 1 38 90
19 1 38 90
19 1 40 90
4 1 44 90
15 1 45 90
2 1 51 90
15 1 46 90
16 1 46 90
2 1 48 90
2 1 50 90
3 1 50 90
23 1 37 90
4 1 45 90
4 1 51 90
7 2 51 90
24 0 36 90
6 0 31 90
10 0 34 90
6 2 51 90
22 0 38 90
21 0 38 90
14 0 50 90
20 0 40 90
6 0 44 90
2 0 50 90
7 1 51 90
4 0 44 90
9 1 34 90
11 1 36 90
9 1 31 90
6 1 31 90
5 1 36 90
11 1 35 90
11 1 34 90
11 1 31 90
1 0 51 91
2 0 49 91
19 1 38 91
15 1 45 91
15 1 46 91
16 1 46 91
2 1 49 91
2 0 51 91
14 0 50 91
2 0 50 91
11 1 36 91
2 1 50 91
21 0 38 91
22 0 38 91
24 0 36 91
3 1 50 91
2 1 51 91
7 1 51 91
10 0 34 91
9 0 34 91
20 0 40 91
5 1 36 91
23 1 37 91
11 1 34 91
7 2 51 91
11 1 35 91
9 1 34 91
2 1 50 92
11 1 36 92
19 1 38 92
16 1 46 92
3 1 50 92
2 1 49 92
15 1 46 92
15 1 45 92
9 1 34 92
7 1 51 92
2 1 51 92
7 2 51 92
17 2 43 92
1 0 51 92
11 1 35 92
2 0 51 92
14 0 50 92
2 0 50 92
2 0 49 92
21 0 38 92
24 0 36 92
4 0 44 92
11 1 31 92
9 1 31 93
9 1 34 93
11 1 31 93
5 1 36 93
15 1 45 93
15 1 46 93
19 1 38 93
17 1 27 93
11 1 36 93
23 1 37 93
7 1 51 93
4 1 45 93
2 1 51 93
24 0 36 93
22 0 38 93
21 0 38 93
2 0 49 93
2 0 50 93
14 0 50 93
1 0 51 93
6 2 51 93
7 2 51 93
3 1 50 93
2 1 50 93
16 1 46 93
2 0 50 94
2 0 49 94
15 1 46 94
16 1 46 94
2 1 48 94
2 1 49 94
2 1 50 94
3 1 50 94
5 1 36 94
7 1 51 94
24 0 36 94
22 0 38 94
21 0 38 94
15 0 38 94
23 1 37 94
19 1 38 94
1 0 51 94
2 1 51 94
14 0 50 94
9 1 34 94
11 1 35 94
11 1 31 94
11 1 36 94
14 1 46 94
15 1 45 94
4 1 45 94
7 2 51 94
2 1 50 95
2 1 49 95
26 1 38 95
23 1 37 95
19 1 38 95
11 1 31 95
3 1 50 95
14 1 46 95
16 1 46 95
2 1 51 95
7 1 51 95
24 0 36 95
15 1 45 95
22 0 38 95
19 0 40 95
2 0 49 95
2 0 50 95
14 0 50 95
1 0 51 95
7 2 51 95
21 0 38 95
6 0 31 95
11 1 36 95
5 1 36 95
11 1 35 95
11 1 36 96
9 1 34 96
11 1 35 96
23 1 37 96
16 1 46 96
4 1 45 96
15 1 45 96
15 1 46 96
11 1 34 96
2 1 49 96
3 1 50 96
2 1 51 96
19 1 38 96
11 1 31 96
7 1 51 96
2 1 50 96
24 0 36 96
22 0 38 96
7 2 51 96
14 0 50 96
2 0 50 96
2 0 49 96
21 0 38 96
9 0 34 96
4 0 44 96
15 1 46 97
11 1 35 97
9 1 34 97
11 1 31 97
19 1 38 97
23 1 37 97
2 1 51 97
2 1 50 97
2 1 48 97
2 1 49 97
3 1 50 97
9 1 31 97
11 1 36 97
15 1 45 97
16 1 46 97
7 2 51 97
17 2 43 97
1 0 51 97
14 0 50 97
2 0 50 97
21 0 38 97
22 0 38 97
24 0 36 97
3 1 50 98
2 1 51 98
2 1 49 98
1 0 51 98
11 1 31 98
23 1 42 98
23 1 37 98
19 1 38 98
11 1 36 98
24 0 36 98
15 1 46 98
14 0 50 98
2 0 50 98
2 0 49 98
21 0 38 98
22 0 38 98
7 2 51 98
2 1 50 98
16 1 46 98
15 1 45 98
3 0 51 99
11 1 34 99
11 1 31 99
9 1 31 99
8 1 53 99
6 1 44 99
6 1 51 99
5 1 36 99
4 1 44 99
4 1 51 99
4 1 45 99
3 1 50 99
2 1 51 99
2 1 49 99
2 1 48 99
2 1 50 99
26 1 38 99
23 1 42 99
23 1 37 99
20 1 29 99
19 1 38 99
11 1 36 99
15 1 46 99
16 1 46 99
15 1 45 99
9 1 34 99
11 1 35 99
3 1 51 99
15 1 29 99
14 1 46 99
7 1 51 99
24 0 36 99
9 0 34 99
21 0 38 99
6 0 44 99
2 0 49 99
2 0 50 99
14 0 50 99
8 0 51 99
17 2 43 99
6 2 51 99
7 2 51 99
4 0 44 99
8 0 53 99
4 0 30 99
6 0 31 99
22 0 38 99
6 2 51 100
26 1 38 100
22 0 38 100
2 0 50 100
21 0 38 100
19 1 38 100
14 0 50 100
23 1 42 100
2 1 49 100
16 1 46 100
15 1 46 100
3 1 50 100
2 1 50 100
2 1 51 100
6 1 51 100
24 0 36 100
4 0 44 100
15 1 45 100
9 0 34 100
2 0 49 100
5 1 36 100
9 1 31 100
11 1 34 100
11 1 36 100
11 1 31 100
6 0 44 100
23 1 37 101
2 1 49 101
19 1 38 101
3 1 50 101
2 1 50 101
6 2 51 101
19 1 29 101
14 0 50 101
2 1 48 101
2 0 49 101
16 1 46 101
15 1 46 101
15 1 45 101
9 1 34 101
11 1 34 101
11 1 31 101
6 1 51 101
4 1 51 101
2 0 50 101
21 0 38 101
9 0 34 101
13 0 33 101
24 0 36 101
16 1 46 102
15 1 46 102
15 1 45 102
11 1 36 102
9 1 34 102
9 1 31 102
8 1 53 102
3 1 50 102
2 1 51 102
2 1 50 102
19 1 40 102
23 1 37 102
11 1 34 102
6 2 51 102
14 0 50 102
2 0 50 102
2 0 49 102
21 0 38 102
22 0 38 102
24 0 36 102
9 0 44 102
8 0 53 102
19 1 38 102
17 2 43 102
23 1 37 103
6 1 31 103
9 1 34 103
9 1 31 103
11 1 36 103
11 1 34 103
11 1 35 103
16 1 46 103
15 1 46 103
15 1 45 103
3 1 50 103
19 1 38 103
26 1 38 103
2 1 51 103
2 1 48 103
2 0 49 103
21 0 38 103
2 0 50 103
22 0 38 103
24 0 36 103
6 0 31 103
2 1 49 103
6 2 51 103
14 0 50 103
2 1 50 103
14 0 50 104
2 0 50 104
23 1 37 104
19 1 38 104
2 0 49 104
7 2 51 104
22 0 38 104
9 1 31 104
16 1 46 104
15 1 46 104
15 1 45 104
11 1 34 104
11 1 31 104
11 1 35 104
9 1 34 104
21 0 38 104
3 1 50 104
2 1 51 104
2 1 49 104
2 1 50 104
11 1 36 104
24 0 36 104
9 0 34 104
6 0 31 104
15 1 45 105
4 1 45 105
23 1 37 105
9 1 31 105
11 1 34 105
11 1 31 105
16 1 46 105
15 1 46 105
11 1 36 105
21 0 38 105
2 1 50 105
2 1 51 105
24 0 36 105
22 0 38 105
2 0 50 105
14 0 50 105
1 0 51 105
17 2 43 105
7 2 51 105
3 1 50 105
19 1 38 105
23 1 37 106
11 1 36 106
25 1 35 106
9 1 34 106
16 1 46 106
15 1 46 106
3 1 50 106
19 1 38 106
2 1 50 106
2 1 51 106
2 1 49 106
15 1 45 106
7 2 51 106
14 0 50 106
2 0 50 106
2 0 49 106
21 0 38 106
22 0 38 106
24 0 36 106
6 0 31 106
4 0 44 106
11 1 34 106
19 1 38 107
23 1 37 107
11 1 36 107
11 1 35 107
2 1 50 107
2 1 49 107
2 1 48 107
3 1 50 107
6 1 31 107
7 1 51 107
15 1 45 107
9 1 31 107
11 1 31 107
11 1 34 107
15 1 46 107
16 1 46 107
2 0 49 107
2 0 50 107
24 0 36 107
6 0 31 107
21 0 38 107
7 2 51 107
0 2 43 107
14 0 50 107
22 0 38 107
23 1 37 108
21 1 38 108
2 0 50 108
22 0 38 108
6 2 51 108
7 2 51 108
2 1 48 108
14 0 50 108
2 1 50 108
2 1 51 108
3 1 50 108
24 0 36 108
2 1 49 108
16 1 46 108
15 1 46 108
15 1 45 108
26 1 38 108
2 0 49 108
9 1 34 108
11 1 31 108
9 1 31 108
11 1 34 108
11 1 36 108
20 1 29 109
11 1 34 109
11 1 31 109
9 1 31 109
16 1 46 109
15 1 46 109
15 1 45 109
11 1 35 109
11 1 36 109
3 1 50 109
2 1 51 109
2 1 48 109
2 1 49 109
2 1 50 109
23 1 37 109
19 1 38 109
26 1 38 109
7 2 51 109
6 2 51 109
2 0 50 109
2 0 49 109
21 0 38 109
24 0 36 109
6 0 31 109
14 0 50 109
11 1 36 110
9 1 34 110
15 1 46 110
11 1 34 110
11 1 31 110
16 1 46 110
15 1 45 110
7 1 51 110
6 1 51 110
4 1 51 110
3 1 50 110
23 1 37 110
26 1 38 110
24 0 36 110
7 2 51 110
6 2 51 110
17 2 43 110
1 0 51 110
14 0 50 110
2 0 50 110
21 0 38 110
22 0 38 110
9 0 34 110
19 1 38 110
11 1 34 111
23 1 37 111
4 1 51 111
6 1 51 111
9 1 31 111
11 1 36 111
11 1 35 111
11 1 31 111
15 1 46 111
15 1 45 111
16 1 46 111
20 1 29 111
6 2 51 111
17 2 43 111
14 0 50 111
2 0 50 111
21 0 38 111
22 0 38 111
24 0 36 111
19 1 38 111
7 2 51 111
2 2 50 112
19 1 38 112
23 1 42 112
26 1 38 112
4 1 51 112
11 1 35 112
11 1 31 112
11 1 36 112
11 1 34 112
15 1 45 112
15 1 46 112
16 1 46 112
9 1 34 112
17 2 43 112
0 2 43 112
22 0 38 112
9 0 34 112
21 0 38 112
19 1 38 113
11 1 35 113
6 1 31 113
20 1 29 113
16 1 46 113
15 1 45 113
15 1 46 113
11 1 34 113
11 1 31 113
11 1 36 113
4 1 51 113
9 1 34 113
6 1 51 113
5 1 36 113
4 1 31 113
2 1 48 113
23 1 37 113
23 1 42 113
9 1 31 113
6 2 51 113
17 2 43 113
0 2 43 113
2 0 50 113
21 0 38 113
22 0 38 113
24 0 36 113
15 1 46 114
16 1 46 114
4 1 51 114
6 1 51 114
24 0 36 114
17 2 43 114
21 0 38 114
15 1 45 114
2 2 50 114
6 2 51 114
7 2 51 114
4 0 44 114
19 1 38 114
26 1 36 114
23 1 37 114
26 1 38 114
5 1 36 114
11 1 36 114
11 1 34 114
11 1 31 114
22 0 38 114
11 1 31 115
11 1 34 115
21 0 38 115
22 0 38 115
24 0 36 115
9 0 34 115
6 1 51 115
16 1 46 115
15 1 46 115
15 1 45 115
19 1 38 115
23 1 37 115
11 1 36 115
9 1 34 115
9 1 31 115
4 1 51 115
0 2 43 115
17 2 43 115
7 2 51 115
6 2 51 115
2 2 50 115
22 0 38 116
14 1 50 116
11 1 35 116
7 2 51 116
6 2 51 116
11 1 36 116
9 1 31 116
6 1 51 116
4 1 51 116
20 1 29 116
17 2 43 116
0 2 43 116
2 0 50 116
21 0 38 116
15 1 45 116
15 1 46 116
11 1 34 116
24 0 36 116
4 0 31 116
19 1 38 116
16 1 46 116
11 1 35 117
15 1 46 117
11 1 36 117
23 1 37 117
19 1 38 117
15 1 45 117
4 1 51 117
0 2 43 117
21 0 38 117
2 0 50 117
17 2 43 117
6 2 51 117
7 2 51 117
11 1 31 117
6 1 51 117
9 1 31 117
11 1 34 117
11 1 36 118
8 1 44 118
15 1 45 118
15 1 46 118
16 1 46 118
14 1 46 118
19 1 38 118
14 1 50 118
26 1 38 118
11 1 35 118
6 1 51 118
7 1 51 118
11 1 34 118
11 1 31 118
4 1 51 118
9 1 31 118
9 1 34 118
2 0 50 118
24 0 36 118
7 2 51 118
6 2 51 118
17 2 43 118
21 0 38 118
22 0 38 118
17 2 43 119
0 2 43 119
2 0 50 119
21 0 38 119
19 1 38 119
23 1 37 119
14 1 50 119
4 1 45 119
15 1 45 119
14 1 46 119
16 1 46 119
15 1 46 119
4 1 51 119
6 1 51 119
7 1 51 119
24 0 36 119
9 0 34 119
6 2 51 119
7 2 51 119
26 1 38 119
11 1 36 119
11 1 35 119
9 1 31 119
9 1 34 119
11 1 31 119
11 1 34 119
11 1 31 120
11 1 34 120
14 1 50 120
14 1 46 120
15 1 45 120
7 2 51 120
6 2 51 120
17 2 43 120
0 2 43 120
3 0 50 120
2 0 50 120
8 0 44 120
21 0 38 120
22 0 38 120
24 0 36 120
9 1 34 120
9 0 34 120
6 1 51 120
4 1 51 120
15 1 46 120
19 1 38 120
19 1 29 120
9 1 31 120
23 1 37 120
11 1 36 120
8 0 53 120
16 1 46 121
14 1 50 121
4 1 51 121
6 1 51 121
24 0 36 121
6 2 51 121
7 2 51 121
15 1 46 121
22 0 38 121
21 0 38 121
2 0 50 121
9 0 34 121
14 1 46 121
26 1 38 121
19 1 38 121
23 1 37 121
5 1 36 121
11 1 36 121
11 1 35 121
11 1 34 121
11 1 31 121
9 1 31 121
15 1 45 121
17 2 43 121
0 2 43 121
11 1 31 122
9 1 31 122
15 1 45 122
14 1 46 122
14 1 50 122
11 1 36 122
11 1 35 122
8 1 44 122
6 1 51 122
4 1 51 122
23 1 37 122
19 1 38 122
15 1 46 122
16 1 46 122
17 2 43 122
22 0 38 122
21 0 38 122
0 2 43 122
2 2 50 122
6 2 51 122
7 2 51 122
24 0 36 122
9 1 31 123
4 1 51 123
19 1 38 123
26 1 38 123
6 1 51 123
8 1 44 123
21 0 38 123
11 1 31 123
11 1 36 123
11 1 34 123
14 1 50 123
7 2 51 123
6 2 51 123
24 0 36 123
17 2 43 123
22 0 38 123
0 2 43 123
9 0 34 123
14 1 46 123
23 1 37 123
16 1 46 123
15 1 46 123
15 1 45 123
15 1 46 124
14 1 50 124
4 1 51 124
6 1 51 124
24 0 36 124
19 1 38 124
23 1 37 124
22 0 38 124
21 0 38 124
0 2 43 124
17 2 43 124
2 2 50 124
16 1 46 124
15 1 45 124
9 1 31 124
11 1 36 124
11 1 34 124
11 1 35 124
14 1 46 124
7 2 51 124
6 2 51 124
6 2 51 125
11 1 35 125
19 1 38 125
23 1 37 125
8 1 51 125
8 1 44 125
11 1 34 125
9 1 34 125
11 1 31 125
16 1 46 125
15 1 45 125
11 1 36 125
7 2 51 125
22 0 38 125
21 0 38 125
8 0 44 125
2 0 50 125
8 0 51 125
9 0 34 125
0 2 43 125
17 2 43 125
24 0 36 125
24 0 36 126
11 1 34 126
15 1 45 126
11 1 36 126
9 1 31 126
4 1 51 126
26 1 38 126
23 1 37 126
19 1 38 126
15 1 46 126
0 2 43 126
21 0 38 126
22 0 38 126
11 1 31 126
17 2 43 126
16 1 46 126
9 0 34 126
17 2 43 127
14 1 50 127
11 1 31 127
11 1 35 127
11 1 36 127
9 1 34 127
9 1 31 127
6 1 51 127
4 1 51 127
14 1 46 127
23 1 37 127
19 1 38 127
2 0 50 127
0 2 43 127
6 2 51 127
4 1 45 127
16 1 46 127
21 0 38 127
22 0 38 127
24 0 36 127
15 1 46 127
9 1 31 128
22 0 38 128
7 2 51 128
6 2 51 128
17 2 43 128
0 2 43 128
9 1 34 128
2 0 50 128
24 0 36 128
4 1 51 128
6 1 51 128
14 1 46 128
16 1 46 128
15 1 45 128
23 1 37 128
15 1 46 128
11 1 36 128
11 1 34 128
11 1 31 128
23 1 37 129
16 1 46 129
26 1 38 129
19 1 38 129
19 1 40 129
23 1 42 129
15 1 45 129
14 1 46 129
15 1 46 129
6 1 51 129
4 1 51 129
19 0 40 129
24 0 36 129
22 0 38 129
21 0 38 129
2 0 50 129
11 1 36 129
14 1 50 129
11 1 35 129
6 2 51 129
11 1 31 129
17 2 43 129
11 1 34 129
15 1 29 129
6 2 51 130
11 1 36 130
11 1 31 130
9 1 31 130
16 1 46 130
15 1 45 130
14 1 46 130
14 1 50 130
11 1 34 130
19 1 40 130
19 1 38 130
23 1 37 130
23 1 42 130
26 1 38 130
4 1 51 130
6 1 51 130
7 2 51 130
17 2 43 130
21 0 38 130
22 0 38 130
24 0 36 130
19 0 40 130
7 2 51 131
19 1 38 131
4 1 51 131
15 1 45 131
15 1 46 131
16 1 46 131
14 1 46 131
14 1 50 131
6 1 51 131
7 1 51 131
24 0 36 131
22 0 38 131
21 0 38 131
19 0 40 131
2 0 50 131
17 2 43 131
26 1 36 131
11 1 35 131
5 1 36 131
11 1 31 131
11 1 34 131
15 1 29 131
6 2 51 131
19 1 38 132
23 1 37 132
11 1 31 132
9 1 31 132
16 1 46 132
15 1 45 132
14 1 46 132
11 1 34 132
11 1 35 132
9 1 34 132
7 1 51 132
4 1 51 132
4 1 45 132
11 1 36 132
15 1 46 132
24 0 36 132
22 0 38 132
21 0 38 132
2 0 50 132
3 0 50 132
17 2 43 132
6 2 51 132
7 2 51 132
11 1 34 133
11 1 36 133
23 1 37 133
26 1 38 133
19 1 38 133
6 2 51 133
14 1 46 133
7 2 51 133
17 2 43 133
9 1 34 133
0 2 43 133
15 1 46 133
11 1 31 133
14 1 50 133
15 1 29 133
9 1 31 133
6 1 51 133
2 0 50 133
21 0 38 133
24 0 36 133
22 0 38 133
9 0 34 133
19 1 38 134
11 1 35 134
11 1 34 134
11 1 31 134
11 1 36 134
9 1 34 134
7 1 51 134
6 1 51 134
4 1 51 134
2 1 48 134
2 0 50 134
17 2 43 134
6 2 51 134
7 2 51 134
26 1 38 134
23 1 37 134
14 1 50 134
14 1 46 134
15 1 45 134
16 1 46 134
24 0 36 134
9 0 34 134
22 0 38 134
21 0 38 134
6 2 51 135
11 1 34 135
9 1 34 135
23 1 37 135
19 1 38 135
15 1 38 135
15 1 45 135
16 1 46 135
17 2 43 135
11 1 31 135
2 0 50 135
22 0 38 135
24 0 36 135
4 1 51 135
6 1 51 135
7 1 51 135
14 1 50 135
14 1 46 135
9 1 31 135
21 0 38 135
15 1 29 135
7 2 51 135
11 1 34 136
16 1 46 136
15 1 46 136
15 1 45 136
15 1 29 136
11 1 36 136
11 1 31 136
9 1 31 136
6 1 51 136
4 1 51 136
23 1 37 136
14 1 46 136
2 0 50 136
21 0 38 136
22 0 38 136
24 0 36 136
6 2 51 136
7 2 51 136
12 1 35 137
24 0 36 137
4 1 51 137
7 1 51 137
14 1 50 137
14 1 46 137
16 1 46 137
11 1 34 137
22 0 38 137
11 1 36 137
23 1 37 137
23 1 42 137
19 1 38 137
15 1 45 137
9 1 34 137
21 0 38 137
3 0 50 137
11 1 35 137
11 1 31 137
15 1 29 137
2 0 50 137
7 2 51 137
17 2 43 137
11 1 31 138
19 1 40 138
15 1 45 138
21 0 38 138
19 1 38 138
22 0 38 138
24 0 36 138
19 0 40 138
6 1 51 138
4 1 51 138
14 1 50 138
23 1 37 138
11 1 35 138
11 1 36 138
11 1 34 138
9 1 31 138
14 1 46 138
15 1 46 138
15 1 29 138
7 2 51 138
6 2 51 138
2 0 50 138
18 0 40 138
19 1 40 139
23 1 42 139
26 1 38 139
19 1 38 139
11 1 36 139
11 1 35 139
11 1 34 139
11 1 31 139
15 1 29 139
15 1 45 139
16 1 46 139
14 1 50 139
14 1 46 139
7 1 51 139
19 0 40 139
24 0 36 139
22 0 38 139
21 0 38 139
18 0 40 139
15 1 46 139
7 2 51 139
6 2 51 139
2 0 50 139
11 1 34 140
14 1 46 140
5 1 36 140
11 1 35 140
11 1 36 140
15 1 46 140
19 1 38 140
19 1 40 140
15 1 29 140
15 1 45 140
23 1 37 140
21 0 38 140
6 1 51 140
2 0 50 140
6 2 51 140
7 2 51 140
24 0 36 140
19 0 40 140
7 1 51 140
23 1 42 140
22 0 38 140
19 1 40 141
26 1 38 141
19 1 38 141
23 1 37 141
11 1 36 141
11 1 35 141
25 1 35 141
23 1 42 141
11 1 31 141
9 1 31 141
15 1 29 141
16 1 46 141
15 1 45 141
14 1 46 141
9 1 34 141
11 1 34 141
7 2 51 141
6 2 51 141
17 2 43 141
2 0 50 141
18 0 40 141
21 0 38 141
22 0 38 141
24 0 36 141
19 0 40 141
14 1 50 141
19 1 38 142
11 1 36 142
23 1 37 142
15 1 38 142
18 1 40 142
19 1 40 142
15 1 45 142
16 1 46 142
6 1 51 142
5 1 36 142
19 0 40 142
24 0 36 142
22 0 38 142
21 0 38 142
18 0 40 142
2 0 50 142
6 2 51 142
7 2 51 142
14 1 50 142
11 1 34 142
11 1 35 142
9 1 31 142
9 1 34 142
11 1 31 142
19 1 29 142
24 0 36 143
19 0 39 143
7 1 51 143
14 1 46 143
6 1 51 143
22 0 38 143
26 1 38 143
18 0 40 143
2 0 50 143
17 2 43 143
6 2 51 143
7 2 51 143
15 1 46 143
21 0 38 143
16 1 46 143
19 1 38 143
18 1 40 143
19 1 40 143
19 1 29 143
9 1 34 143
11 1 34 143
11 1 31 143
11 1 36 143
11 1 35 143
23 1 37 144
15 1 45 144
11 1 36 144
11 1 34 144
11 1 31 144
16 1 46 144
15 1 46 144
26 1 38 144
14 1 50 144
7 1 51 144
4 1 51 144
7 2 51 144
14 1 46 144
6 2 51 144
2 0 50 144
19 1 40 144
19 1 38 144
19 0 40 144
24 0 36 144
22 0 38 144
21 0 38 144
17 2 43 144
19 1 38 145
15 1 45 145
14 1 46 145
16 1 46 145
14 1 50 145
6 1 51 145
4 1 51 145
24 0 36 145
21 0 38 145
2 0 50 145
17 2 43 145
6 2 51 145
7 2 51 145
23 1 37 145
22 0 38 145
9 1 34 145
11 1 34 145
11 1 31 145
11 1 36 145
9 1 31 145
19 1 38 146
4 1 45 146
15 1 45 146
14 1 46 146
16 1 46 146
15 1 46 146
14 1 50 146
6 1 51 146
7 1 51 146
2 0 50 146
23 0 32 146
9 0 34 146
24 0 36 146
7 2 51 146
6 2 51 146
17 2 43 146
21 0 38 146
22 0 38 146
26 1 38 146
11 1 36 146
11 1 31 146
9 1 31 146
11 1 34 146
11 1 35 146
15 1 46 147
14 1 46 147
19 1 38 147
15 1 45 147
11 1 34 147
11 1 36 147
23 1 37 147
26 1 38 147
19 1 40 147
16 1 46 147
24 0 36 147
6 1 51 147
14 1 50 147
7 2 51 147
6 2 51 147
17 2 43 147
2 0 50 147
18 0 40 147
4 1 51 147
19 0 40 147
22 0 38 147
21 0 38 147
6 1 51 148
4 1 51 148
14 1 50 148
2 1 49 148
2 1 48 148
15 1 46 148
19 0 40 148
23 1 37 148
14 1 46 148
24 0 36 148
22 0 38 148
21 0 38 148
2 0 49 148
2 0 50 148
6 2 51 148
7 2 51 148
15 1 45 148
11 1 34 148
19 1 38 148
19 1 40 148
11 1 36 148
11 1 31 148
11 1 35 148
19 1 38 149
19 1 29 149
2 1 50 149
2 1 49 149
9 0 34 149
14 1 50 149
6 1 51 149
4 1 51 149
7 2 51 149
6 2 51 149
2 2 50 149
16 1 46 149
2 0 50 149
8 0 44 149
18 0 40 149
19 0 40 149
24 0 36 149
4 0 31 149
21 0 38 149
22 0 38 149
2 0 49 149
15 1 45 149
23 1 37 149
8 1 44 149
9 1 34 149
11 1 36 149
11 1 35 149
11 1 34 149
6 2 51 150
7 2 51 150
6 1 51 150
2 0 50 150
2 0 49 150
18 0 40 150
11 1 34 150
4 1 51 150
2 1 49 150
16 1 46 150
14 1 46 150
15 1 45 150
19 1 40 150
19 1 38 150
26 1 38 150
23 1 37 150
15 1 46 150
11 1 36 150
9 1 34 150
14 1 50 150
11 1 35 150
2 1 48 150
21 0 38 150
22 0 38 150
14 0 46 150
8 0 44 150
4 0 31 150
24 0 36 150
19 0 40 150
2 1 49 151
23 1 37 151
19 1 40 151
21 0 38 151
22 0 38 151
24 0 36 151
4 0 31 151
6 1 51 151
4 1 51 151
26 1 38 151
2 1 50 151
11 1 35 151
11 1 36 151
19 1 38 151
16 1 46 151
14 1 46 151
2 1 48 151
9 1 34 151
14 1 50 151
7 2 51 151
6 2 51 151
2 0 50 151
2 0 49 151
11 1 34 151
18 0 40 151
15 1 45 152
19 1 40 152
26 1 38 152
19 0 40 152
16 1 46 152
15 1 46 152
7 2 51 152
6 2 51 152
2 0 50 152
2 0 49 152
21 0 38 152
22 0 38 152
24 0 36 152
9 0 34 152
6 1 51 152
4 1 51 152
14 1 50 152
2 1 48 152
19 1 38 152
14 1 46 152
23 1 37 152
20 1 29 152
11 1 35 152
11 1 36 152
9 1 31 152
11 1 31 152
11 1 34 152
19 1 38 153
26 1 38 153
23 1 37 153
11 1 36 153
11 1 34 153
11 1 31 153
15 1 46 153
15 1 45 153
14 1 50 153
19 1 40 153
9 1 31 153
2 0 49 153
16 1 46 153
4 1 51 153
7 2 51 153
6 2 51 153
2 0 50 153
21 0 38 153
24 0 36 153
6 1 51 153
2 1 49 153
22 0 38 153
2 0 50 154
9 1 31 154
19 1 29 154
16 1 46 154
15 1 45 154
15 1 46 154
14 1 50 154
11 1 35 154
11 1 34 154
11 1 31 154
11 1 36 154
7 1 51 154
6 1 51 154
4 1 51 154
2 1 51 154
2 1 50 154
2 1 49 154
2 1 48 154
26 1 38 154
6 2 51 154
7 2 51 154
9 1 34 154
3 0 50 154
2 0 49 154
21 0 38 154
22 0 38 154
24 0 36 154
9 0 34 154
19 0 40 154
19 1 40 154
19 1 38 154
2 2 50 154
23 1 37 154
19 1 38 155
23 1 37 155
11 1 36 155
11 1 35 155
9 1 34 155
11 1 34 155
16 1 46 155
15 1 46 155
15 1 45 155
19 1 40 155
14 1 50 155
6 1 51 155
4 1 45 155
4 1 51 155
2 1 50 155
2 1 48 155
2 1 49 155
19 0 39 155
24 0 36 155
22 0 38 155
21 0 38 155
18 0 40 155
2 0 50 155
2 2 50 155
6 2 51 155
2 0 49 155
7 2 51 155
2 1 51 156
6 1 51 156
15 1 45 156
19 0 40 156
24 0 36 156
15 1 38 156
16 1 46 156
11 1 31 156
9 1 34 156
11 1 34 156
11 1 35 156
11 1 36 156
23 1 37 156
14 1 50 156
26 1 38 156
19 1 38 156
2 1 50 156
2 1 48 156
8 1 44 156
2 1 49 156
14 1 46 156
19 1 40 156
7 2 51 156
18 0 40 156
6 2 51 156
2 2 50 156
3 0 50 156
2 0 49 156
22 0 38 156
21 0 38 156
7 2 51 157
19 1 38 157
2 1 48 157
23 1 37 157
6 2 51 157
2 1 50 157
4 1 51 157
5 1 36 157
19 1 40 157
17 2 43 157
2 0 49 157
2 0 50 157
6 1 51 157
18 0 40 157
21 0 38 157
22 0 38 157
24 0 36 157
14 0 46 157
19 0 40 157
14 1 50 157
8 1 44 157
11 1 36 157
15 1 46 157
14 1 46 157
9 1 31 157
11 1 34 157
15 1 45 157
16 1 46 158
4 1 51 158
24 0 36 158
4 0 31 158
22 0 38 158
21 0 38 158
2 0 50 158
2 0 49 158
6 1 51 158
2 2 50 158
6 2 51 158
23 1 37 158
2 1 49 158
2 1 48 158
19 1 38 158
2 1 51 158
11 1 36 158
14 1 50 158
15 1 46 158
15 1 45 158
19 1 40 158
2 1 50 158
21 0 38 159
4 1 51 159
11 1 34 159
11 1 31 159
9 1 31 159
16 1 46 159
15 1 46 159
15 1 45 159
14 1 50 159
11 1 36 159
9 1 34 159
6 1 51 159
2 1 49 159
2 1 50 159
19 1 38 159
19 1 40 159
22 0 38 159
24 0 36 159
2 0 49 159
9 0 34 159
8 0 53 159
23 1 37 159
2 0 50 159
6 2 51 159
7 2 51 159
23 1 37 160
11 1 36 160
2 1 48 160
15 1 46 160
15 1 45 160
19 1 40 160
19 1 38 160
26 1 38 160
2 1 49 160
9 1 31 160
16 1 46 160
14 1 50 160
11 1 34 160
7 1 51 160
4 1 51 160
7 2 51 160
6 2 51 160
2 0 50 160
2 0 49 160
21 0 38 160
24 0 36 160
19 0 40 160
18 0 40 160
