   2   50  151
  11   51  151
   2   51  151
   2   38  151
   2   50  151
  24   51  151
   6   51  151
   4   51  151
   4   51  151
  11   51  151
   2   50  151
  11   51  151
  11   51  151
  11   51  151
  15   51  151
  15   50  151
  11   50  151
  11   51  151
   2   50  151
   6   51  151
   6   51  151
   2   50  151
   2   50  151
  11   51  151
   2   51  151
  15   51  152
   2   51  152
  11   51  152
   2   38  152
  15   51  152
  15   51  152
   6   51  152
   6   51  152
   2   50  152
   2   50  152
   2   38  152
   2   50  152
  24   51  152
   2   51  152
   4   51  152
   4   51  152
   2   50  152
  11   50  152
  11   51  152
  15   50  152
  11   51  152
   2   51  152
  11   51  152
  11   51  152
  11   51  152
  11   51  152
  11   51  152
  11   51  153
  11   51  153
  11   51  153
  11   51  153
  11   51  153
  11   51  153
  15   51  153
  15   51  153
   2   50  153
   2   51  153
  11   51  153
   2   50  153
  15   51  153
   4   51  153
   6   51  153
   6   51  153
   2   50  153
   2   38  153
  24   51  153
   4   51  153
   2   50  153
   2   50  153
   2   50  154
  11   51  154
   2   51  154
  15   51  154
  15   51  154
  15   51  154
   2   50  154
  11   51  154
  11   51  154
  11   51  154
  11   51  154
   4   51  154
   4   51  154
   4   51  154
   4   50  154
   2   50  154
   2   50  154
  11   50  154
  11   51  154
   6   51  154
   6   51  154
  11   51  154
   2   50  154
   2   50  154
   2   38  154
   2   50  154
  24   51  154
   2   51  154
   2   38  154
   2   51  154
  11   51  154
   2   50  154
  11   51  154
  11   51  155
  11   51  155
  11   51  155
  11   51  155
  11   51  155
  11   51  155
  15   51  155
  15   51  155
  15   51  155
  11   51  155
   2   50  155
   4   51  155
  15   51  155
   4   51  155
   2   50  155
  11   50  155
   2   50  155
   2   38  155
  24   51  155
   2   50  155
   2   38  155
   2   51  155
   2   50  155
   2   50  155
   6   51  155
   2   50  155
   6   51  155
   4   50  156
   4   51  156
  15   51  156
   2   38  156
  24   51  156
  11   51  156
  15   51  156
  11   51  156
  11   51  156
  11   51  156
  11   51  156
  11   51  156
  11   51  156
   2   50  156
  11   51  156
  11   51  156
   2   50  156
  11   50  156
   4   51  156
   2   50  156
  15   50  156
  11   51  156
   6   51  156
   2   51  156
   6   51  156
   2   50  156
   2   50  156
   2   50  156
   2   50  156
   2   38  156
   6   51  157
  11   51  157
  11   50  157
  11   51  157
   6   51  157
   2   50  157
   4   51  157
  11   51  157
  11   51  157
   6   51  157
   2   50  157
   2   50  157
   4   51  157
   2   51  157
   2   38  157
   2   50  157
  24   51  157
   6   50  157
   2   38  157
   2   50  157
   4   51  157
  11   51  157
  15   51  157
  15   50  157
  11   51  157
  11   51  157
  15   51  157
  15   51  158
   4   51  158
  24   51  158
   6   51  158
   2   50  158
   2   38  158
   2   50  158
   2   50  158
   4   51  158
   2   50  158
   6   51  158
  11   51  158
   2   50  158
  11   50  158
  11   51  158
   4   50  158
  11   51  158
   2   50  158
  15   51  158
  15   51  158
  11   51  158
   2   50  158
   2   38  159
   4   51  159
  11   51  159
  11   51  159
  11   51  159
  15   51  159
  15   51  159
  15   51  159
   2   50  159
  11   51  159
  11   51  159
   4   51  159
   2   50  159
   2   50  159
  11   51  159
  11   51  159
   2   50  159
  24   51  159
   2   50  159
   2   51  159
   2   51  159
  11   51  159
   2   50  159
   6   51  159
   6   51  159
  11   51  160
  11   51  160
  11   50  160
  15   51  160
  15   51  160
  11   51  160
  11   51  160
  11   51  160
   2   50  160
  11   51  160
  15   51  160
   2   50  160
  11   51  160
   4   51  160
   4   51  160
   6   51  160
   6   51  160
   2   50  160
   2   50  160
   2   38  160
  24   51  160
   2   38  160
   2   51  160
  11   51  161
   2   51  161
  11   51  161
  11   51  161
  11   51  161
  11   50  161
   2   50  161
   2   50  161
   4   51  161
   4   51  161
  11   51  161
   4   51  161
  11   51  161
  15   51  161
  15   51  161
  11   51  161
  11   51  161
  11   51  161
  11   51  161
  15   50  161
   2   50  161
   2   50  161
   2   38  161
  24   51  161
   6   51  161
   2   38  161
   2   50  161
   6   51  161
   6   51  161
   6   51  161
   2   50  161
  11   51  162
  11   51  162
   4   51  162
   2   50  162
  11   51  162
  11   51  162
  11   51  162
  11   51  162
  11   51  162
   2   50  162
  15   51  162
  15   51  162
   4   51  162
   2   38  162
  24   51  162
  11   51  162
  15   51  162
   2   50  162
   2   50  162
   2   38  162
   2   50  162
   6   51  162
   6   51  162
   2   51  162
  15   51  163
   2   50  163
   2   50  163
   2   38  163
   2   50  163
   6   51  163
  24   51  163
   4   51  163
  11   51  163
  11   51  163
  11   51  163
   2   50  163
   4   50  163
  15   51  163
  11   51  163
  11   51  163
  15   51  163
  15   51  163
   2   50  163
  11   51  163
   6   51  163
  11   51  164
  11   51  164
  11   51  164
  15   51  164
   2   51  164
  11   51  164
   2   50  164
   2   50  164
   2   38  164
   2   50  164
  24   51  164
   2   51  164
   4   51  164
  11   51  164
  11   51  164
  11   50  164
   2   50  164
   6   51  164
   6   51  164
   2   50  164
   2   50  164
   2   50  164
  15   50  164
  15   51  164
   2   50  165
  11   51  165
  11   51  165
   2   50  165
  15   51  165
   4   51  165
  11   50  165
  11   51  165
  11   51  165
  11   51  165
  15   51  165
  15   51  165
  15   50  165
  11   51  165
  11   51  165
   4   51  165
  11   51  165
   6   51  165
   6   51  165
   2   50  165
   2   50  165
   2   38  165
   2   50  165
  24   51  165
  11   51  165
   2   38  165
  11   51  166
  11   51  166
  11   51  166
  11   51  166
   2   50  166
  11   51  166
   2   50  166
  11   50  166
  11   51  166
   4   51  166
  11   51  166
  15   50  166
  15   51  166
  15   51  166
   2   38  166
   6   51  166
   6   51  166
   2   50  166
   2   50  166
   2   50  166
  24   51  166
   4   51  166
   2   38  166
   4   51  166
   2   51  166
   2   51  167
   2   50  167
   2   50  167
   6   51  167
   6   51  167
  11   51  167
   2   38  167
   2   50  167
   2   51  167
   2   51  167
  11   51  167
  11   51  167
   2   50  167
  15   51  167
  15   51  167
   2   50  167
   4   51  167
  15   51  167
   2   38  167
  11   51  167
  11   51  167
  11   51  167
  11   51  167
  11   51  167
  24   51  167
   2   50  167
   2   51  167
  15   51  168
  11   51  168
   2   51  168
   2   50  168
   2   50  168
   2   50  168
   2   50  168
   6   51  168
   6   51  168
  11   51  168
  11   51  168
  11   51  168
   4   51  168
   2   50  168
   2   50  168
  11   51  168
  11   51  168
  11   51  168
   2   51  168
  11   51  168
  11   51  168
   4   51  168
   2   50  168
  15   51  168
  11   51  168
   2   38  168
  24   51  168
   6   51  168
   2   50  168
   2   38  168
   4   51  169
  11   51  169
  11   51  169
  15   51  169
  15   51  169
  15   51  169
   2   50  169
   2   50  169
   4   51  169
  24   51  169
  11   51  169
  11   51  169
  11   51  169
  11   51  169
  11   51  169
  11   51  169
   2   50  169
   2   38  169
  11   51  169
   6   51  169
   6   51  169
   2   50  169
   2   50  169
   2   51  169
  11   51  169
   2   38  169
   2   50  170
  15   51  170
  15   51  170
  11   51  170
   2   51  170
   2   51  170
  11   51  170
  15   51  170
  11   51  170
  11   51  170
   4   51  170
  11   50  170
   2   50  170
  11   51  170
  11   51  170
   4   51  170
   6   51  170
   6   51  170
   2   50  170
   2   50  170
   2   38  170
   2   50  170
  24   51  170
   2   38  170
   4   51  171
  11   51  171
   2   38  171
  24   51  171
   2   50  171
   2   50  171
   2   38  171
   2   51  171
   2   50  171
   2   50  171
   4   51  171
   2   50  171
  15   51  171
   2   50  171
  15   50  171
  15   51  171
  15   51  171
  11   51  171
  11   51  171
  11   51  171
   6   51  171
   2   51  171
  11   51  171
   2   51  171
  11   51  171
  11   51  171
   2   50  171
   6   51  171
  11   51  171
   6   51  172
   6   51  172
  11   51  172
  15   51  172
  24   51  172
   2   50  172
   2   38  172
   2   50  172
   4   51  172
   4   51  172
   4   50  172
   2   50  172
   2   50  172
  15   51  172
  15   51  172
   2   50  172
   2   38  172
  11   51  172
  11   51  172
  11   51  172
  11   51  172
  11   51  172
  11   51  172
  11   51  172
  11   51  172
   2   50  173
   6   51  173
   6   51  173
   2   50  173
   4   51  173
   2   50  173
   2   50  173
   2   51  173
   2   38  173
   4   50  173
   4   51  173
   2   38  173
   2   38  173
   2   50  173
   2   50  173
  15   51  173
  15   51  173
  15   51  173
  11   51  173
  11   51  173
  11   51  173
  11   51  173
  11   51  173
  11   51  173
  11   51  173
  11   51  173
  11   51  173
   2   51  173
  24   51  173
   4   51  174
  11   51  174
   2   50  174
  15   51  174
  15   51  174
  15   50  174
  15   51  174
  15   51  174
  11   51  174
  11   51  174
  11   51  174
  11   51  174
  11   51  174
  11   51  174
  11   51  174
   4   51  174
  24   51  174
   2   38  174
   6   51  174
   2   51  174
   2   50  174
   6   51  174
   2   38  174
   2   50  174
   2   51  174
   2   51  174
  21   38  175
   6   51  175
   6   51  175
   2    2  175
   2   51  175
   2   50  175
   2   50  175
  21   50  175
   4   51  175
   6   38  175
  24   51  175
   2   38  175
   4   51  175
   4   51  175
   2   50  175
  15   51  175
  15   50  175
  15   51  175
  11   51  175
  11   51  175
  11   51  175
  11   51  175
  11   51  175
  11   51  175
  11   51  175
   2   51  175
  11   51  175
  15   50  176
  24   51  176
  15   51  176
   6   51  176
   6   51  176
   2    2  176
   2   50  176
   2   51  176
  21   38  176
   2   38  176
   4   51  176
   4   51  176
  15   51  176
  11   51  176
  11   51  176
  11   51  176
  11   51  176
  11   51  176
  11   51  176
  11   51  177
  11   51  177
  11   51  177
  11   51  177
  11   51  177
  15   50  177
  11   51  177
  15   51  177
  11   51  177
  11   51  177
  11   51  177
   2   50  177
   6   51  177
   2    2  177
   2   50  177
   2   50  177
   2   51  177
  21   38  177
   2   51  177
  24   51  177
   2   51  177
   6   38  177
   2   38  177
  21   50  177
   2   50  178
   4   51  178
   4   51  178
   2   38  178
  24   51  178
   2   51  178
   2   51  178
  21   50  178
  21   38  178
   2    2  178
   6   51  178
  15   51  178
   2   50  178
  15   51  178
  11   51  178
  11   51  178
  11   51  178
  11   51  178
  11   51  178
  11   51  178
  11   51  178
  11   51  178
  11   51  178
  15   51  178
  11   51  178
  21   50  179
  21   38  179
  11   51  179
  11   51  179
  11   51  179
  11   51  179
   2   50  179
  15   51  179
  11   51  179
  11   51  179
  11   51  179
  11   51  179
   4   51  179
   4   51  179
  24   51  179
   6   51  179
   4   51  179
   2   51  179
   2   51  179
   2   50  179
   6   51  179
   6   51  179
   4   51  180
  21   38  180
   2   50  180
   6   51  180
   2   51  180
   6   51  180
   6   51  180
  11   51  180
  15   50  180
  11   51  180
   2   50  180
  11   51  180
  11   51  180
  11   51  180
  11   51  180
  11   51  180
   2   51  180
  15   51  180
  15   51  180
  15   51  180
  11   51  180
  24   51  180
   4   51  180
  21   50  180
  11   51  181
  21   50  181
  11   51  181
  11   51  181
  11   51  181
  11   51  181
  11   51  181
  11   51  181
  11   51  181
  15   51  181
  15   51  181
  15   51  181
   2   50  181
   4   51  181
   2   38  181
  24   51  181
   6   50  181
   2   51  181
  21   38  181
   6   51  181
   2   51  181
   2   50  181
   2   51  181
   2   51  181
  11   51  181
  11   51  182
  21   38  182
  21   50  182
  24   51  182
   2   51  182
  11   51  182
  11   51  182
  15   51  182
  11   51  182
   2   51  182
  15   51  182
  15   50  182
  15   51  182
   4   51  182
   2   50  182
  11   51  182
   6   51  182
  11   51  182
  11   51  182
   2   51  182
  11   51  182
  11   51  182
  15   51  183
  11   51  183
  11   51  183
  11   51  183
  15   51  183
  15   51  183
  15   50  183
   2   50  183
   2   51  183
  24   51  183
  21   50  183
  21   38  183
   2   51  183
   2   50  183
   2   51  183
  11   51  183
  11   51  183
  11   51  183
  11   51  183
  11   51  183
   4   51  184
   2   38  184
  24   51  184
  21   50  184
  21   38  184
   2   50  184
   4   51  184
   6   51  184
   6   51  184
   2   50  184
   2   50  184
  15   51  184
   2   50  184
  11   51  184
  15   50  184
  15   51  184
  15   51  184
  11   51  184
  11   51  184
  11   51  184
  11   51  184
  11   51  184
  11   51  184
  11   51  184
   2   51  184
  11   50  184
  11   51  185
   6   51  185
  11   51  185
  11   51  185
   2   50  185
   2   50  185
   4   51  185
  11   51  185
  11   51  185
  15   51  185
  15   51  185
  11   51  185
   2   50  185
   2   51  185
   6   51  185
   2   50  185
   2   50  185
  21   38  185
  21   50  185
   2   51  185
  24   51  185
   2   38  185
   6   51  186
  11   51  186
   6   51  186
  11   51  186
   2   51  186
  15   51  186
  15   51  186
  15   51  186
  11   51  186
  11   51  186
   2   50  186
   2   50  186
   4   50  186
  11   51  186
  11   51  186
  11   51  186
  11   51  186
  11   50  186
  11   51  186
   2   50  186
   2    2  186
   2   50  186
  21   38  186
  21   50  186
  24   51  186
   2   51  186
   6   51  186
  15   51  187
  15   51  187
  11   51  187
  15   50  187
   2   50  187
  11   51  187
  11   51  187
   4   50  187
   4   51  187
   4   51  187
   2   50  187
   2   50  187
  15   51  187
  11   51  187
  11   51  187
   6   51  187
  11   51  187
  11   51  187
  11   51  187
  11   51  187
   2   50  187
   6   51  187
   2   50  187
   2    2  187
   2   50  187
   2   50  187
  21   38  187
  21   50  187
  24   51  187
   2   51  187
   6   51  187
  24   51  188
  11   51  188
  11   51  188
  11   51  188
  11   51  188
  11   51  188
  11   51  188
   2   51  188
  15   51  188
  15   51  188
  15   51  188
   4   51  188
   4   50  188
  11   50  188
   2   50  188
  11   51  188
  11   51  188
   2   51  188
  21   50  188
  21   38  188
   2   50  188
   2   50  188
   4   51  188
   6   51  188
   2   51  188
   2   50  188
   6   51  188
   6   51  188
   2   38  188
  11   51  188
  11   51  189
  11   51  189
  15   51  189
  15   50  189
  11   51  189
  11   51  189
   4   51  189
   4   51  189
   4   50  189
  11   50  189
   2   50  189
  11   51  189
  11   51  189
  11   51  189
  11   51  189
   2   50  189
  15   51  189
  24   51  189
   2   38  189
  15   51  189
   2   51  189
  21   50  189
  21   38  189
   2   51  189
   2   50  189
   4   51  189
   6   51  189
   2   51  189
   2   50  189
   6   51  189
   6   51  189
  11   51  190
  11   51  190
  11   51  190
   6   51  190
   6   51  190
   2   50  190
   2   50  190
  21   38  190
  21   50  190
  24   51  190
  11   51  190
   2   51  190
   4   51  190
   4   51  190
   2   50  190
   2   50  190
  11   50  190
  15   50  190
  15   51  190
  15   51  190
  11   51  190
   2   50  190
  11   51  190
  11   51  190
  11   51  190
  11   51  190
  24   51  191
  11   51  191
   4   51  191
   4   51  191
   2   38  191
   4   50  191
  21   50  191
  21   38  191
   2   51  191
   2   50  191
   2   50  191
   2   51  191
   2   50  191
   6   51  191
   6   51  191
   6   38  191
   2   50  191
  15   51  191
  11   50  191
  11   51  191
  11   51  191
   2   50  191
  11   51  191
  11   51  191
  11   51  191
  11   51  191
  11   51  191
  15   51  191
  15   51  191
  11   51  191
  11   51  192
   6   51  192
  11   51  192
  11   51  192
  11   51  192
  15   51  192
  15   51  192
   2   51  192
  11   51  192
  11   51  192
  11   51  192
   2   50  192
   2   50  192
  11   50  192
   4   50  192
   4   51  192
  11   51  192
  15   51  192
   2   50  192
  11   51  192
   6   51  192
   2   50  192
   2    2  192
   6   51  192
   2   50  192
   2   51  192
  21   38  192
  21   50  192
  24   51  192
   2   38  192
  15   51  193
  15   51  193
  11   51  193
  11   51  193
  11   50  193
  11   51  193
  11   51  193
  11   51  193
  11   51  193
  15   50  193
  21   50  193
   2   50  193
   6   51  193
   6   51  193
   2   50  193
   2    2  193
   2   50  193
   2   50  193
  21   38  193
   2   51  193
   4   51  193
  24   51  193
   2   38  193
   4   51  193
   4   50  193
   4   51  193
   2   50  193
   2   50  193
  11   51  194
  11   51  194
  11   50  194
  11   51  194
  15   51  194
  15   51  194
  15   50  194
   2   50  194
  11   50  194
  11   51  194
   4   51  194
   4   50  194
   2   50  194
  11   51  194
   2   50  194
  11   50  194
  11   51  194
  11   51  194
   6   51  194
   2   50  194
   2   51  194
   2   50  194
   2   50  194
   2   51  194
  21   38  194
  21   50  194
  24   51  194
   6   51  194
   2   38  194
  11   51  195
   4   51  195
  15   51  195
  15   50  195
   2   50  195
   2   50  195
   4   50  195
   4   51  195
   4   51  195
   2   38  195
  21   38  195
   2   51  195
  24   51  195
  21   50  195
   2   50  195
   2   50  195
   2   51  195
   6   51  195
   6   51  195
  11   51  195
  11   51  195
   2   50  195
  11   51  195
  11   50  195
  11   50  195
  11   51  195
  11   51  195
  11   51  195
   2   38  196
   4   50  196
   4   51  196
   4   51  196
   2   50  196
   2   50  196
  15   50  196
  11   50  196
  15   51  196
  11   51  196
  11   51  196
  11   51  196
  11   50  196
   2   50  196
  15   51  196
  24   51  196
  11   51  196
  11   51  196
  11   51  196
  11   51  196
   6   51  196
   2   51  196
  21   50  196
  21   38  196
   2   50  196
   2   50  196
   6   51  196
   2    2  196
   2   50  196
   6   51  196
   6   51  196
   2   51  196
  11   50  197
   6   51  197
   6   51  197
   2   50  197
   4   51  197
  11   51  197
   2   51  197
  15   51  197
  15   51  197
  15   51  197
  11   51  197
  11   51  197
  11   51  197
  11   51  197
   4   51  197
   4   51  197
   4   50  197
   2   50  197
  11   50  197
   2   50  197
  11   51  197
  11   51  197
  11   51  197
   2    2  197
   2   50  197
  21   38  197
  21   50  197
  24   51  197
   2   51  197
   2   38  197
  11   51  197
  11   50  198
  11   51  198
  11   51  198
  11   50  198
  11   51  198
  15   51  198
  11   50  198
   2   50  198
   2   50  198
   2   50  198
   4   50  198
   4   51  198
   4   51  198
  11   51  198
   2   38  198
   4   51  198
  24   51  198
  21   50  198
  21   38  198
   4   51  198
   2   50  198
   2   50  198
   2   50  198
   6   51  198
   6   51  198
  11   51  198
   2    2  198
  11   51  198
  11   51  198
  11   51  198
   2   51  198
   2   50  199
  15   50  199
  15   51  199
  11   51  199
  15   51  199
  11   51  199
  11   51  199
  15   51  199
   2   50  199
  11   51  199
  11   51  199
   4   51  199
   4   51  199
   4   50  199
   2   50  199
  11   50  199
  11   51  199
  11   50  199
  11   51  199
  11   51  199
  11   51  199
  21   50  199
  21   38  199
   2   50  199
   2   50  199
   2    2  199
   2   50  199
  24   51  199
   2   51  199
   4   51  199
   2   38  199
   6   51  199
   6   51  199
  11   51  200
  11   51  200
  11   51  200
  15   51  200
  15   51  200
  15   51  200
  11   50  200
   2   50  200
   2   50  200
   2   50  200
   4   51  200
   4   51  200
   4   50  200
  11   51  200
  24   51  200
  21   50  200
  21   38  200
   2   51  200
   2   50  200
   6   51  200
   6   51  200
   2   50  200
   2    2  200
   2   50  200
   2   50  200
   2   38  200
  11   50  200
  11   51  200
  11   50  200
  11   51  200
  11   51  200
  11   51  200
  11   51  200
  11   51  200
  11   51  200
