  24   36  126
  11   36  126
  15   46  126
  11   36  126
  11   34  126
   2   51  126
  19   38  126
  23   37  126
  19   38  126
  15   46  126
  17   43  126
  21   38  126
  21   38  126
  11   36  126
  17   43  126
  15   46  126
   9   34  126
  17   43  127
   2   50  127
  11   36  127
  11   36  127
  11   36  127
  11   34  127
  11   34  127
   2   51  127
   2   51  127
  15   50  127
  23   37  127
  19   38  127
   2   50  127
  17   43  127
   6   51  127
  15   51  127
  15   46  127
  21   38  127
  21   38  127
  24   36  127
  15   46  127
  11   34  128
  21   38  128
   6   51  128
   6   51  128
  17   43  128
  17   43  128
  11   34  128
   2   50  128
  24   36  128
   2   51  128
   2   51  128
  15   50  128
  15   46  128
  15   46  128
  23   37  128
  15   46  128
  11   36  128
  11   36  128
  11   36  128
  23   37  129
  15   46  129
  19   38  129
  19   38  129
  19   38  129
  23   37  129
  15   46  129
  15   50  129
  15   46  129
   2   51  129
   2   51  129
  20   40  129
  24   36  129
  21   38  129
  21   38  129
   2   50  129
  11   36  129
   2   50  129
  11   36  129
   6   51  129
  11   36  129
  17   43  129
  11   36  129
  15   46  129
   6   51  130
  11   36  130
  11   36  130
  11   34  130
  15   46  130
  15   46  130
  15   50  130
   2   50  130
  11   36  130
  19   38  130
  19   38  130
  23   37  130
  23   37  130
  19   38  130
   2   51  130
   2   51  130
   6   51  130
  17   43  130
  21   38  130
  21   38  130
  24   36  130
  20   40  130
   6   51  131
  19   38  131
   2   51  131
  15   46  131
  15   46  131
  15   46  131
  15   50  131
   2   50  131
   2   51  131
   2   52  131
  24   36  131
  21   38  131
  21   38  131
  20   40  131
   2   50  131
  17   43  131
  11   38  131
  11   36  131
  11   36  131
  11   36  131
  11   36  131
  15   46  131
   6   51  131
  19   38  132
  23   37  132
  11   36  132
  11   34  132
  15   46  132
  15   46  132
  15   50  132
  11   36  132
  11   36  132
  11   34  132
   2   52  132
   2   51  132
  15   51  132
  11   36  132
  15   46  132
  24   36  132
  21   38  132
  21   38  132
   2   50  132
   2   50  132
  17   43  132
   6   51  132
   6   51  132
  11   36  133
  11   36  133
  23   37  133
  19   38  133
  19   38  133
   6   51  133
  15   50  133
   6   51  133
  17   43  133
  11   34  133
  17   43  133
  15   46  133
  11   36  133
   2   50  133
  15   46  133
  11   34  133
   2   51  133
   2   50  133
  21   38  133
  24   36  133
  21   38  133
   9   34  133
  19   38  134
  11   36  134
  11   36  134
  11   36  134
  11   36  134
  11   34  134
   2   52  134
   2   51  134
   2   51  134
   2   50  134
   2   50  134
  17   43  134
   6   51  134
   6   51  134
  19   38  134
  23   37  134
   2   50  134
  15   50  134
  15   46  134
  15   46  134
  24   36  134
   9   34  134
  21   38  134
  21   38  134
   6   51  135
  11   36  135
  11   34  135
  23   37  135
  19   38  135
  19   46  135
  15   46  135
  15   46  135
  17   43  135
  11   36  135
   2   50  135
  21   38  135
  24   36  135
   2   51  135
   2   51  135
   2   52  135
   2   50  135
  15   50  135
  11   34  135
  21   38  135
  15   46  135
   6   51  135
  11   36  136
  15   46  136
  15   46  136
  15   46  136
  15   46  136
  11   36  136
  11   36  136
  11   34  136
   2   51  136
   2   51  136
  23   37  136
  15   50  136
   2   50  136
  21   38  136
  21   38  136
  24   36  136
   6   51  136
   6   51  136
  11   46  137
  24   36  137
   2   51  137
   2   52  137
   2   50  137
  15   50  137
  15   46  137
  11   36  137
  21   38  137
  11   36  137
  23   37  137
  23   37  137
  19   38  137
  15   46  137
  11   34  137
  21   38  137
   2   50  137
  11   36  137
  11   36  137
  15   46  137
   2   50  137
   6   51  137
  17   43  137
  11   36  138
  19   38  138
  15   46  138
  21   38  138
  19   38  138
  21   38  138
  24   36  138
  20   40  138
   2   51  138
   2   51  138
   2   50  138
  23   37  138
  11   36  138
  11   36  138
  11   36  138
  11   34  138
  15   50  138
  15   46  138
  15   46  138
   6   51  138
   6   51  138
   2   50  138
  20   36  138
  19   38  139
  23   37  139
  19   38  139
  19   38  139
  11   36  139
  11   36  139
  11   36  139
  11   36  139
  15   46  139
  15   46  139
  15   46  139
   2   50  139
  15   50  139
   2   52  139
  20   40  139
  24   36  139
  21   38  139
  21   38  139
  20   36  139
  15   46  139
   6   51  139
   6   51  139
   2   50  139
  11   36  140
  15   50  140
  11   36  140
  11   36  140
  11   36  140
  15   46  140
  19   38  140
  19   38  140
  15   46  140
  15   46  140
  23   37  140
  21   38  140
   2   51  140
   2   50  140
   6   51  140
   6   51  140
  24   36  140
  20   40  140
   2   52  140
  23   37  140
  21   38  140
  19   38  141
  19   38  141
  19   38  141
  23   37  141
  11   36  141
  11   36  141
  11   46  141
  23   37  141
  11   36  141
  11   34  141
  15   46  141
  15   46  141
  15   46  141
  15   50  141
  11   34  141
  11   36  141
   6   51  141
   6   51  141
  17   43  141
   2   50  141
  20   36  141
  21   38  141
  21   38  141
  24   36  141
  20   40  141
   2   50  141
  19   38  142
  11   36  142
  23   37  142
  19   46  142
  19   41  142
  19   38  142
  15   46  142
  15   46  142
   2   51  142
  11   36  142
  20   40  142
  24   36  142
  21   38  142
  21   38  142
  20   36  142
   2   50  142
   6   51  142
   6   51  142
   2   50  142
  11   36  142
  11   36  142
  11   34  142
  11   34  142
  11   36  142
  15   38  142
  24   36  143
  21   40  143
   2   52  143
  15   50  143
   2   51  143
  21   38  143
  19   38  143
  20   36  143
   2   50  143
  17   43  143
   6   51  143
   6   51  143
  15   46  143
  21   38  143
  15   46  143
  19   38  143
  19   41  143
  19   38  143
  15   38  143
  11   34  143
  11   36  143
  11   36  143
  11   36  143
  11   36  143
  23   37  144
  15   46  144
  11   36  144
  11   36  144
  11   36  144
  15   46  144
  15   46  144
  19   38  144
   2   50  144
   2   52  144
   2   51  144
   6   51  144
  15   50  144
   6   51  144
   2   50  144
  19   38  144
  19   38  144
  20   40  144
  24   36  144
  21   38  144
  21   38  144
  17   43  144
  19   38  145
  15   46  145
  15   50  145
  15   46  145
   2   50  145
   2   51  145
   2   51  145
  24   36  145
  21   38  145
   2   50  145
  17   43  145
   6   51  145
   6   51  145
  23   37  145
  21   38  145
  11   34  145
  11   36  145
  11   36  145
  11   36  145
  11   34  145
  19   38  146
  15   51  146
  15   46  146
  15   50  146
  15   46  146
  15   46  146
   2   50  146
   2   51  146
   2   52  146
   2   50  146
   2   37  146
   9   34  146
  24   36  146
   6   51  146
   6   51  146
  17   43  146
  21   38  146
  21   38  146
  19   38  146
  11   36  146
  11   36  146
  11   34  146
  11   36  146
  11   36  146
  15   46  147
  15   50  147
  19   38  147
  15   46  147
  11   36  147
  11   36  147
  23   37  147
  19   38  147
  19   38  147
  15   46  147
  24   36  147
   2   51  147
   2   50  147
   6   51  147
   6   51  147
  17   43  147
   2   50  147
  20   36  147
   2   51  147
  20   40  147
  21   38  147
  21   38  147
   2   51  148
   2   51  148
   2   50  148
   2   50  148
   2   50  148
  15   46  148
  20   40  148
  23   37  148
  15   50  148
  24   36  148
  21   38  148
  21   38  148
   2   50  148
   2   50  148
   6   51  148
   6   51  148
  15   46  148
  11   36  148
  19   38  148
  19   38  148
  11   36  148
  11   36  148
  11   36  148
  19   38  149
  15   38  149
   2   50  149
   2   50  149
   9   34  149
   2   50  149
   2   51  149
   2   51  149
   6   51  149
   6   51  149
   2   50  149
  15   46  149
   2   50  149
   4   53  149
  20   36  149
  20   40  149
  24   36  149
   6   44  149
  21   38  149
  21   38  149
   2   50  149
  15   46  149
  23   37  149
   4   53  149
  11   34  149
  11   36  149
  11   36  149
  11   36  149
   6   51  150
   6   51  150
   2   51  150
   2   50  150
   2   50  150
  20   36  150
  11   36  150
   2   51  150
   2   50  150
  15   46  150
  15   50  150
  15   46  150
  19   38  150
  19   38  150
  19   38  150
  23   37  150
  15   46  150
  11   36  150
  11   34  150
   2   50  150
  11   36  150
   2   50  150
  21   38  150
  21   38  150
  16   50  150
   4   53  150
   6   44  150
  24   36  150
  20   40  150
   2   50  151
  23   37  151
  19   38  151
  21   38  151
  21   38  151
  24   36  151
   6   44  151
   2   51  151
   2   51  151
  19   38  151
   2   50  151
  11   36  151
  11   36  151
  19   38  151
  15   46  151
  15   50  151
   2   50  151
  11   34  151
   2   50  151
   6   51  151
   6   51  151
   2   50  151
   2   50  151
  11   36  151
  20   36  151
  15   46  152
  19   38  152
  19   38  152
  20   40  152
  15   46  152
  15   46  152
   6   51  152
   6   51  152
   2   50  152
   2   50  152
  21   38  152
  21   38  152
  24   36  152
   9   34  152
   2   51  152
   2   51  152
   2   50  152
   2   50  152
  19   38  152
  15   50  152
  23   37  152
  15   40  152
  11   36  152
  11   36  152
  11   34  152
  11   36  152
  11   36  152
  19   38  153
  19   38  153
  23   37  153
  11   36  153
  11   36  153
  11   36  153
  15   46  153
  15   46  153
   2   50  153
  19   38  153
  11   34  153
   2   50  153
  15   46  153
   2   51  153
   6   51  153
   6   51  153
   2   50  153
  21   38  153
  24   36  153
   2   51  153
   2   50  153
  21   38  153
   2   50  154
  11   34  154
  15   38  154
  15   46  154
  15   46  154
  15   46  154
   2   50  154
  11   36  154
  11   36  154
  11   36  154
  11   36  154
   2   52  154
   2   51  154
   2   51  154
   2   50  154
   2   50  154
   2   50  154
   2   50  154
  19   38  154
   6   51  154
   6   51  154
  11   34  154
   2   50  154
   2   50  154
  21   38  154
  21   38  154
  24   36  154
   9   34  154
  20   40  154
  19   38  154
  19   38  154
   2   50  154
  23   37  154
  19   38  155
  23   37  155
  11   36  155
  11   36  155
  11   34  155
  11   36  155
  15   46  155
  15   46  155
  15   46  155
  19   38  155
   2   50  155
   2   51  155
  15   51  155
   2   51  155
   2   50  155
   2   50  155
   2   50  155
  21   40  155
  24   36  155
  21   38  155
  21   38  155
  20   36  155
   2   50  155
   2   50  155
   6   51  155
   2   50  155
   6   51  155
   2   50  156
   2   51  156
  15   46  156
  20   40  156
  24   36  156
  19   46  156
  15   46  156
  11   36  156
  11   34  156
  11   36  156
  11   36  156
  11   36  156
  23   37  156
   2   50  156
  19   38  156
  19   38  156
   2   50  156
   2   50  156
   4   53  156
   2   50  156
  15   50  156
  19   38  156
   6   51  156
  20   36  156
   6   51  156
   2   50  156
   2   50  156
   2   50  156
  21   38  156
  21   38  156
   6   51  157
  19   38  157
   2   50  157
  23   37  157
   6   51  157
   2   50  157
   2   51  157
  11   36  157
  19   38  157
  17   43  157
   2   50  157
   2   50  157
   2   51  157
  20   36  157
  21   38  157
  21   38  157
  24   36  157
  16   50  157
  20   40  157
   2   50  157
   4   53  157
  11   36  157
  15   46  157
  15   50  157
  11   34  157
  11   36  157
  15   46  157
  15   46  158
   2   51  158
  24   36  158
   6   44  158
  21   38  158
  21   38  158
   2   50  158
   2   50  158
   2   51  158
   2   50  158
   6   51  158
  23   37  158
   2   50  158
   2   50  158
  19   38  158
   2   50  158
  11   36  158
   2   50  158
  15   46  158
  15   46  158
  19   38  158
   2   50  158
  21   38  159
   2   51  159
  11   36  159
  11   36  159
  11   34  159
  15   46  159
  15   46  159
  15   46  159
   2   50  159
  11   36  159
  11   34  159
   2   51  159
   2   50  159
   2   50  159
  19   38  159
  19   38  159
  21   38  159
  24   36  159
   2   50  159
   9   34  159
   8   53  159
  23   37  159
   2   50  159
   6   51  159
   6   51  159
  23   37  160
  11   36  160
   2   50  160
  15   46  160
  15   46  160
  19   38  160
  19   38  160
  19   38  160
   2   50  160
  11   34  160
  15   46  160
   2   50  160
  11   36  160
   2   52  160
   2   51  160
   6   51  160
   6   51  160
   2   50  160
   2   50  160
  21   38  160
  24   36  160
  20   40  160
  20   36  160
  19   38  161
  15   38  161
  19   38  161
  11   37  161
  23   37  161
   2   50  161
   2   50  161
   2   50  161
   2   51  161
   2   53  161
  19   38  161
   2   51  161
  11   34  161
  15   46  161
  15   46  161
  11   36  161
  11   36  161
  11   34  161
  11   36  161
  15   50  161
   2   50  161
   2   50  161
  21   38  161
  24   36  161
   6   34  161
  20   40  161
   2   37  161
   6   51  161
   6   51  161
  17   43  161
   2   50  161
  11   36  162
  11   34  162
   2   51  162
   2   50  162
  19   38  162
  19   38  162
  11   36  162
  23   37  162
  11   36  162
   2   50  162
  15   46  162
  15   46  162
   2   51  162
  20   40  162
  24   36  162
  11   36  162
  15   46  162
   2   50  162
  21   38  162
  21   38  162
   2   50  162
   6   51  162
   6   51  162
   9   34  162
  15   46  163
   2   50  163
   2   50  163
  21   38  163
  21   38  163
   6   51  163
  24   36  163
   2   51  163
  19   38  163
  23   37  163
  19   38  163
   2   50  163
   2   50  163
  15   51  163
  11   34  163
  11   36  163
  15   46  163
  15   46  163
   2   50  163
  11   36  163
   6   51  163
  11   36  164
  23   37  164
  19   38  164
  15   46  164
  15   38  164
  11   36  164
   2   50  164
   2   50  164
  21   38  164
  21   38  164
  24   36  164
   9   34  164
   2   51  164
  11   34  164
  11   36  164
   2   50  164
   2   50  164
   6   51  164
   6   51  164
   2   50  164
   2   50  164
   2   50  164
  15   50  164
  15   46  164
   2   50  165
  23   37  165
  11   36  165
   2   50  165
  15   51  165
   2   51  165
   2   50  165
  19   38  165
  19   38  165
  19   38  165
  15   46  165
  15   46  165
  15   50  165
  11   34  165
  11   36  165
   2   51  165
  11   36  165
   6   51  165
   6   51  165
   2   50  165
   2   50  165
  21   38  165
  21   38  165
  24   36  165
  11   36  165
  20   40  165
  11   36  166
  23   37  166
  19   38  166
  19   38  166
   2   50  166
  11   36  166
   2   50  166
   2   50  166
  19   38  166
   2   52  166
  11   36  166
  15   50  166
  15   46  166
  15   46  166
  21   38  166
   6   51  166
   6   51  166
   2   50  166
   2   50  166
  21   38  166
  24   36  166
   2   51  166
  20   40  166
   2   51  166
   9   34  166
  20   36  167
   2   50  167
   2   50  167
   6   51  167
   6   51  167
  23   37  167
  21   38  167
   2   50  167
  15   40  167
  15   38  167
  19   38  167
  19   41  167
   2   50  167
  15   46  167
  15   46  167
   2   50  167
   2   51  167
  15   46  167
  20   40  167
  11   36  167
  11   36  167
  11   34  167
  11   36  167
  11   36  167
  24   36  167
  21   38  167
   9   34  167
  15   46  168
  11   36  168
  20   36  168
   2   50  168
   2   50  168
   2   50  168
   2   50  168
   6   51  168
   6   51  168
  11   34  168
  11   51  168
  11   36  168
   2   51  168
   2   50  168
   2   50  168
  19   38  168
  23   37  168
  19   38  168
  15   38  168
  19   38  168
  19   41  168
   2   51  168
   2   50  168
  15   46  168
  11   36  168
  21   40  168
  24   36  168
   6   44  168
  21   38  168
  21   38  168
   2   51  169
  11   34  169
  23   37  169
  15   46  169
  15   46  169
  15   46  169
   2   50  169
   2   50  169
   2   51  169
  24   36  169
  19   38  169
  11   36  169
  11   36  169
  11   34  169
  11   36  169
  19   38  169
  21   38  169
  20   40  169
  19   38  169
   6   51  169
   6   51  169
   2   50  169
   2   50  169
  20   36  169
  11   36  169
  21   38  169
   2   50  170
  15   46  170
  15   46  170
  11   36  170
  15   38  170
  15   40  170
  11   36  170
  15   46  170
  19   38  170
  11   34  170
   2   51  170
   2   50  170
   2   50  170
  19   38  170
  11   36  170
   2   51  170
   6   51  170
   6   51  170
   2   50  170
   2   50  170
  21   38  170
  21   38  170
  24   36  170
  20   40  170
   2   51  171
   8   53  171
  20   40  171
  24   36  171
  21   38  171
   2   50  171
  21   38  171
  20   36  171
   2   50  171
   2   50  171
   2   51  171
   2   50  171
  15   46  171
   2   50  171
  15   50  171
  15   46  171
  15   46  171
  19   41  171
  19   38  171
  11   36  171
   6   51  171
  15   46  171
  11   36  171
  15   38  171
  11   36  171
  11   34  171
   2   50  171
   6   51  171
  11   36  171
   6   51  172
   6   51  172
  19   38  172
  15   46  172
  24   36  172
  21   38  172
  21   38  172
   2   50  172
   2   51  172
   2   51  172
   2   50  172
   2   50  172
   2   50  172
  15   46  172
  15   46  172
   2   50  172
  20   40  172
  23   37  172
  19   38  172
  19   38  172
  11   34  172
  11   34  172
  11   36  172
  11   36  172
  11   36  172
  21   38  173
   6   51  173
   6   51  173
   2   50  173
   1   51  173
   2   50  173
   2   50  173
  20   36  173
  21   38  173
   2   50  173
   2   51  173
  20   40  173
  21   40  173
   2   50  173
   2   50  173
  15   46  173
  15   46  173
  15   46  173
  19   38  173
  19   38  173
  19   38  173
  23   37  173
  11   36  173
  11   36  173
  11   36  173
  11   36  173
  11   34  173
   9   34  173
  24   36  173
   2   51  174
  11   36  174
   2   50  174
  15   46  174
  15   46  174
  15   50  174
  15   46  174
  15   51  174
  19   38  174
  19   38  174
  23   37  174
  11   36  174
  11   37  174
  11   36  174
  11   36  174
   2   51  174
  24   36  174
  21   40  174
   6   51  174
  11   37  174
   2   50  174
   6   51  174
  21   38  174
  21   38  174
   9   34  174
  20   36  174
  21   38  175
   6   51  175
   6   51  175
  11   43  175
  11   37  175
   2   50  175
   2   50  175
  21   38  175
   2   51  175
  24   44  175
  24   36  175
  20   40  175
   2   52  175
   2   51  175
   2   50  175
  15   46  175
  15   50  175
  15   46  175
  19   38  175
  11   46  175
  11   36  175
  11   34  175
  11   36  175
  11   36  175
  19   38  175
  15   38  175
  11   36  175
  15   50  176
  24   36  176
  15   46  176
   6   51  176
   6   51  176
  11   43  176
   2   50  176
  20   36  176
  21   38  176
  20   40  176
   2   51  176
   2   51  176
  15   46  176
  19   38  176
  19   38  176
  11   36  176
  11   36  176
  19   38  176
  23   37  176
  11   36  177
  19   38  177
  11   36  177
  11   36  177
  19   38  177
  15   50  177
  11   36  177
  15   46  177
  11   37  177
  23   37  177
  19   41  177
   2   50  177
   6   51  177
  11   43  177
   2   50  177
   2   50  177
  20   36  177
  21   38  177
  11   37  177
  24   36  177
   9   34  177
  24   44  177
  20   40  177
  21   38  177
   2   50  178
   2   51  178
   2   51  178
  20   40  178
  24   36  178
   9   34  178
  20   36  178
  21   38  178
  21   38  178
  11   43  178
   6   51  178
  15   46  178
   2   50  178
  15   46  178
  19   38  178
  23   37  178
  11   46  178
  19   38  178
  11   34  178
  11   36  178
  11   36  178
  11   36  178
  11   36  178
  15   46  178
  19   38  178
  21   38  179
  21   38  179
  11   37  179
  19   38  179
  11   36  179
  11   36  179
   2   50  179
  15   46  179
  11   36  179
  11   36  179
  23   37  179
  19   38  179
   2   51  179
   2   51  179
  24   36  179
   6   44  179
   4   44  179
   9   34  179
  11   37  179
   2   50  179
   6   51  179
  17   43  179
   2   51  180
  21   38  180
   2   50  180
  17   43  180
  11   37  180
   6   51  180
   6   51  180
  11   37  180
  15   50  180
  23   37  180
   2   50  180
  11   36  180
  11   36  180
  11   36  180
  11   36  180
  19   38  180
   9   34  180
  15   46  180
  15   46  180
  15   46  180
  19   38  180
  24   36  180
   4   44  180
  21   38  180
  19   38  181
  21   38  181
  11   36  181
  11   37  181
  11   36  181
  11   36  181
  23   37  181
  19   38  181
  19   41  181
  15   46  181
  15   46  181
  15   46  181
   2   50  181
   2   51  181
  21   40  181
  24   36  181
  16   50  181
   9   34  181
  21   38  181
  17   43  181
  11   37  181
   2   50  181
  15   46  181
  15   38  181
  11   36  181
  11   36  182
  21   38  182
  21   38  182
  24   36  182
   9   34  182
  19   38  182
  11   36  182
  15   46  182
  19   41  182
  20   36  182
  15   46  182
  15   50  182
  15   46  182
   2   53  182
   2   50  182
  11   36  182
  17   43  182
  19   41  182
  11   34  182
  11   37  182
  19   38  182
  11   36  182
  15   46  183
  19   38  183
  19   38  183
  19   41  183
  15   46  183
  15   46  183
  15   50  183
   2   50  183
  20   36  183
  24   36  183
  21   38  183
  21   38  183
  11   37  183
   2   50  183
  15   38  183
  11   37  183
  11   36  183
  11   36  183
  11   36  183
  23   37  183
   2   53  184
  21   40  184
  24   36  184
  21   38  184
  21   38  184
   2   50  184
   1   53  184
  17   43  184
   6   51  184
   2   50  184
   2   50  184
  15   46  184
   2   50  184
  19   41  184
  15   50  184
  15   46  184
  15   46  184
  19   38  184
  19   38  184
  23   37  184
  11   36  184
  11   36  184
  11   46  184
  11   36  184
  15   38  184
   2   50  184
  19   38  185
   6   51  185
  11   37  185
  19   38  185
   2   50  185
   2   50  185
   2   51  185
  11   36  185
  11   36  185
  15   46  185
  15   46  185
  19   41  185
   2   50  185
  11   37  185
  17   43  185
   2   50  185
   2   50  185
  21   38  185
  21   38  185
   9   34  185
  24   36  185
  21   40  185
   6   51  186
  11   34  186
   6   51  186
  11   36  186
  15   38  186
  15   46  186
  15   46  186
  15   46  186
  11   36  186
  11   36  186
   2   50  186
   2   50  186
   2   50  186
  19   38  186
  23   37  186
  19   38  186
  19   41  186
   2   50  186
  11   46  186
   2   50  186
  11   43  186
   2   50  186
  21   38  186
  21   38  186
  24   36  186
   9   34  186
  17   43  186
  15   46  187
  15   46  187
  11   36  187
  15   50  187
   2   50  187
  11   36  187
  11   36  187
   2   50  187
   2   52  187
   2   51  187
   2   50  187
   2   50  187
  15   46  187
  19   38  187
  11   36  187
   6   51  187
  19   38  187
  23   37  187
  11   46  187
  11   37  187
   2   37  187
   6   51  187
   2   50  187
  11   43  187
   2   50  187
   2   50  187
  21   38  187
  21   38  187
  24   36  187
   9   34  187
  17   43  187
  24   36  188
  23   37  188
  11   36  188
  11   37  188
  11   36  188
  11   34  188
  11   36  188
  15   38  188
  15   46  188
  15   46  188
  15   46  188
   2   51  188
   2   50  188
   2   50  188
   2   50  188
  19   38  188
  19   38  188
   9   34  188
  21   38  188
  21   38  188
   2   50  188
   2   50  188
   1   51  188
  17   43  188
  11   37  188
   2   50  188
   6   51  188
   6   51  188
  21   40  188
  19   41  188
  19   41  189
  19   38  189
  15   46  189
  15   50  189
  11   36  189
  11   36  189
   2   51  189
   2   51  189
   2   50  189
   2   50  189
   2   50  189
  19   38  189
  23   37  189
  11   37  189
  19   38  189
   2   50  189
  15   46  189
  24   36  189
  20   40  189
  15   46  189
   9   34  189
  21   38  189
  21   38  189
  20   36  189
   2   50  189
   1   51  189
  17   43  189
  11   37  189
   2   50  189
   6   51  189
   6   51  189
  23   37  190
  11   36  190
  19   38  190
   6   51  190
   6   51  190
   2   50  190
   2   50  190
  21   38  190
  21   38  190
  24   36  190
  19   38  190
   9   34  190
   2   52  190
   2   51  190
   2   50  190
   2   50  190
   2   50  190
  15   50  190
  15   46  190
  15   46  190
  11   36  190
   2   50  190
  11   36  190
  11   36  190
  11   34  190
  11   36  190
  24   36  191
  11   36  191
   2   51  191
   2   51  191
  20   40  191
   2   50  191
  21   38  191
  21   38  191
  20   36  191
   2   50  191
   2   50  191
  11   37  191
   2   50  191
   6   51  191
   6   51  191
  24   44  191
   2   50  191
  15   51  191
   2   50  191
  19   38  191
  11   37  191
   2   50  191
  11   36  191
  11   34  191
  11   34  191
  11   36  191
  11   36  191
  15   46  191
  15   46  191
  19   38  191
  19   38  192
   6   51  192
  11   36  192
  11   36  192
  11   34  192
  15   46  192
  15   46  192
  15   38  192
  19   38  192
  11   46  192
  19   38  192
   2   50  192
   2   50  192
   2   50  192
   2   50  192
   2   51  192
  11   36  192
  15   46  192
   2   50  192
  11   36  192
   6   51  192
   2   50  192
  11   43  192
  17   43  192
   2   50  192
  20   36  192
  21   38  192
  21   38  192
  24   36  192
  21   40  192
  15   46  193
  15   46  193
  11   36  193
  11   36  193
  23   37  193
  19   38  193
  19   38  193
  19   38  193
  11   36  193
  15   50  193
  21   38  193
   2   50  193
   6   51  193
   6   51  193
   2   50  193
  11   43  193
   2   50  193
   2   50  193
  21   38  193
   9   34  193
   4   44  193
  24   36  193
  20   40  193
   2   51  193
   2   50  193
   2   51  193
   2   50  193
   2   50  193
  11   36  194
  11   36  194
  11   37  194
  11   36  194
  15   46  194
  15   46  194
  15   50  194
   2   50  194
   2   50  194
  11   34  194
   2   51  194
   2   50  194
   2   50  194
  11   36  194
   2   50  194
  23   37  194
  19   38  194
  19   38  194
   6   51  194
   2   50  194
  11   37  194
   2   50  194
   2   50  194
  20   36  194
  21   38  194
  21   38  194
  24   36  194
   6   51  194
  20   40  194
  19   38  195
   2   52  195
  15   46  195
  15   50  195
   2   50  195
   2   50  195
   2   50  195
   2   51  195
   2   51  195
  20   40  195
  21   38  195
   9   34  195
  24   36  195
  21   38  195
   2   50  195
   2   50  195
  11   37  195
   6   51  195
   6   51  195
  19   38  195
  19   38  195
   2   50  195
  11   36  195
  23   37  195
  11   37  195
  11   34  195
  11   36  195
  11   36  195
  20   40  196
   2   50  196
   2   51  196
   2   51  196
   2   50  196
   2   50  196
  15   50  196
   2   50  196
  15   46  196
  19   38  196
  19   38  196
  19   38  196
  23   37  196
   2   50  196
  15   46  196
  24   36  196
  11   36  196
  11   36  196
  11   36  196
  11   46  196
   6   44  196
  15   46  196
  21   38  196
  21   38  196
   2   50  196
   2   50  196
  17   43  196
  11   43  196
   2   50  196
   6   51  196
   6   51  196
   9   34  196
  23   37  197
   6   51  197
   6   51  197
   2   50  197
   1   51  197
  11   36  197
  15   46  197
  15   46  197
  15   46  197
  15   46  197
  11   36  197
  11   36  197
  11   34  197
   8   53  197
   2   51  197
   2   51  197
   2   50  197
   2   50  197
   2   50  197
   2   50  197
  11   38  197
  19   38  197
  19   38  197
  11   43  197
   2   50  197
  21   38  197
  21   38  197
  24   36  197
   9   34  197
  20   40  197
  19   38  197
  11   46  198
  19   38  198
  19   38  198
  23   37  198
  19   38  198
  15   46  198
   2   50  198
   2   50  198
   2   50  198
   2   50  198
   2   50  198
   2   51  198
   2   51  198
  11   36  198
  20   40  198
   4   44  198
  24   36  198
  21   38  198
  21   38  198
   4   44  198
   2   50  198
   2   50  198
   2   50  198
   6   51  198
   6   51  198
  11   36  198
  11   43  198
  11   46  198
  11   36  198
  11   36  198
  15   46  198
   2   50  199
  15   50  199
  15   46  199
  11   36  199
  15   46  199
  11   36  199
  11   34  199
  15   46  199
   2   50  199
  11   36  199
   8   53  199
   2   52  199
   2   51  199
   2   50  199
   2   50  199
  11   46  199
  19   38  199
  23   37  199
  19   38  199
  19   38  199
  11   36  199
  21   38  199
  21   38  199
   2   50  199
   2   50  199
  11   43  199
   2   50  199
  24   36  199
   9   34  199
   4   44  199
  20   40  199
   6   51  199
   6   51  199
  19   38  200
  19   41  200
  19   38  200
  15   46  200
  15   46  200
  15   46  200
   2   50  200
   2   50  200
   2   50  200
   2   50  200
   2   51  200
   2   51  200
   2   50  200
   8   53  200
  24   36  200
  21   38  200
  21   38  200
  20   36  200
   2   50  200
   6   51  200
   6   51  200
   2   50  200
  11   43  200
   2   50  200
   2   50  200
  21   40  200
  23   37  200
  11   36  200
  11   46  200
  11   34  200
  11   36  200
  11   34  200
  11   36  200
  11   36  200
  11   36  200
