  19   51  181
  21   38  181
  11   31  181
  11   50  181
  11   31  181
  11   31  181
  11   50  181
  19   38  181
  11   51  181
  15   46  181
  15   46  181
  15   46  181
   2   50  181
   4   51  181
   2   38  181
  24   36  181
  15   50  181
   2   34  181
  21   38  181
   6   51  181
   2   51  181
   2   50  181
  11   46  181
  11   38  181
  11   31  181
  11   31  182
  21   38  182
  21   38  182
  24   36  182
   2   34  182
  19   38  182
  11   31  182
  15   46  182
  11   51  182
   2   51  182
  15   46  182
  15   50  182
  15   46  182
   4   51  182
   2   50  182
  11   31  182
   6   51  182
  11   51  182
  11   34  182
   2   51  182
  11   38  182
  11   31  182
  15   46  183
  19   38  183
  19   51  183
  11   51  183
  15   46  183
  15   46  183
  15   50  183
   2   50  183
   2   51  183
  24   36  183
  21   38  183
  21   38  183
   2   51  183
   2   50  183
  11   38  183
  11   50  183
  11   31  183
  11   31  183
  11   31  183
  11   50  183
   4   51  184
   2   38  184
  24   36  184
  21   38  184
  21   38  184
   2   50  184
   6   38  184
   6   51  184
   6   51  184
   2   50  184
   2   50  184
  15   46  184
   2   50  184
  11   51  184
  15   50  184
  15   46  184
  15   46  184
  19   38  184
  19   51  184
  11   50  184
  11   51  184
  11   31  184
  11   51  184
  11   31  184
  11   38  184
  11   50  184
  19   38  185
   6   51  185
  11   50  185
  19   51  185
   2   50  185
   2   50  185
   4   51  185
  11   31  185
  11   31  185
  15   46  185
  15   46  185
  11   51  185
   2   50  185
   2   51  185
   6   51  185
   2   50  185
   2   50  185
  21   38  185
  21   38  185
   2   34  185
  24   36  185
   2   38  185
   6   51  186
  11   34  186
   6   51  186
  11   31  186
  11   38  186
  15   46  186
  15   46  186
  15   46  186
  11   31  186
  11   31  186
   2   50  186
   2   50  186
   4   50  186
  19   51  186
  11   50  186
  19   38  186
  11   51  186
  11   50  186
  11   51  186
   2   50  186
   2   51  186
   2   50  186
  21   38  186
  21   38  186
  24   36  186
   2   34  186
   6   51  186
  15   46  187
  15   46  187
  11   31  187
  15   50  187
   2   50  187
  11   31  187
  11   31  187
   4   50  187
   4   51  187
   4   51  187
   2   50  187
   2   50  187
  15   46  187
  19   51  187
  11   31  187
   6   51  187
  19   38  187
  11   50  187
  11   51  187
  11   50  187
   2   50  187
   6   51  187
   2   50  187
   2   51  187
   2   50  187
   2   50  187
  21   38  187
  21   38  187
  24   36  187
   2   34  187
   6   51  187
  24   36  188
  11   50  188
  11   31  188
  11   50  188
  11   31  188
  11   34  188
  11   31  188
  11   38  188
  15   46  188
  15   46  188
  15   46  188
   4   51  188
   4   50  188
  11   50  188
   2   50  188
  19   51  188
  19   38  188
   2   34  188
  21   38  188
  21   38  188
   2   50  188
   2   50  188
   6   51  188
   6   51  188
   2   51  188
   2   50  188
   6   51  188
   6   51  188
   2   38  188
  11   51  188
  11   51  189
  19   38  189
  15   46  189
  15   50  189
  11   31  189
  11   31  189
   4   51  189
   4   51  189
   4   50  189
  11   50  189
   2   50  189
  19   51  189
  11   50  189
  11   50  189
  11   38  189
   2   50  189
  15   46  189
  24   36  189
   2   38  189
  15   46  189
   2   34  189
  21   38  189
  21   38  189
   2   51  189
   2   50  189
   6   51  189
   6   51  189
   2   51  189
   2   50  189
   6   51  189
   6   51  189
  11   50  190
  11   31  190
  11   38  190
   6   51  190
   6   51  190
   2   50  190
   2   50  190
  21   38  190
  21   38  190
  24   36  190
  19   38  190
   2   34  190
   4   51  190
   4   51  190
   2   50  190
   2   50  190
  11   50  190
  15   50  190
  15   46  190
  15   46  190
  11   31  190
   2   50  190
  11   31  190
  11   51  190
  11   34  190
  11   31  190
  24   36  191
  11   31  191
   4   51  191
   4   51  191
   2   38  191
   4   50  191
  21   38  191
  21   38  191
   2   51  191
   2   50  191
   2   50  191
   2   51  191
   2   50  191
   6   51  191
   6   51  191
   6   38  191
   2   50  191
  15   51  191
  11   50  191
  19   38  191
  11   50  191
   2   50  191
  11   51  191
  11   34  191
  11   34  191
  11   31  191
  11   31  191
  15   46  191
  15   46  191
  11   38  191
  19   38  192
   6   51  192
  11   31  192
  11   31  192
  11   34  192
  15   46  192
  15   46  192
  11   38  192
  11   38  192
  11   51  192
  19   51  192
   2   50  192
   2   50  192
  11   50  192
   4   50  192
   4   51  192
  11   31  192
  15   46  192
   2   50  192
  11   31  192
   6   51  192
   2   50  192
   2   51  192
   6   51  192
   2   50  192
   2   51  192
  21   38  192
  21   38  192
  24   36  192
   2   38  192
  15   46  193
  15   46  193
  11   31  193
  11   31  193
  11   50  193
  19   51  193
  19   38  193
  11   38  193
  11   31  193
  15   50  193
  21   38  193
   2   50  193
   6   51  193
   6   51  193
   2   50  193
   2   51  193
   2   50  193
   2   50  193
  21   38  193
   2   34  193
   4   51  193
  24   36  193
   2   38  193
   4   51  193
   4   50  193
   4   51  193
   2   50  193
   2   50  193
  11   31  194
  11   31  194
  11   50  194
  11   31  194
  15   46  194
  15   46  194
  15   50  194
   2   50  194
  11   50  194
  11   34  194
   4   51  194
   4   50  194
   2   50  194
  11   31  194
   2   50  194
  11   50  194
  11   38  194
  19   38  194
   6   51  194
   2   50  194
   2   51  194
   2   50  194
   2   50  194
   2   51  194
  21   38  194
  21   38  194
  24   36  194
   6   51  194
   2   38  194
  11   38  195
   4   51  195
  15   46  195
  15   50  195
   2   50  195
   2   50  195
   4   50  195
   4   51  195
   4   51  195
   2   38  195
  21   38  195
   2   34  195
  24   36  195
  21   38  195
   2   50  195
   2   50  195
   2   51  195
   6   51  195
   6   51  195
  19   38  195
  19   51  195
   2   50  195
  11   31  195
  11   50  195
  11   50  195
  11   34  195
  11   31  195
  11   31  195
   2   38  196
   4   50  196
   4   51  196
   4   51  196
   2   50  196
   2   50  196
  15   50  196
  11   50  196
  15   46  196
  11   38  196
  19   51  196
  19   38  196
  11   50  196
   2   50  196
  15   46  196
  24   36  196
  11   31  196
  11   31  196
  11   31  196
  11   51  196
   6   51  196
  11   46  196
  21   38  196
  21   38  196
   2   50  196
   2   50  196
   6   51  196
   2   51  196
   2   50  196
   6   51  196
   6   51  196
   2   34  196
  11   50  197
   6   51  197
   6   51  197
   2   50  197
   6   51  197
  11   31  197
  11   46  197
  15   46  197
  15   46  197
  15   46  197
  11   31  197
  11   31  197
  11   34  197
  11   51  197
   4   51  197
   4   51  197
   4   50  197
   2   50  197
  11   50  197
   2   50  197
  11   51  197
  19   38  197
  11   38  197
   2   51  197
   2   50  197
  21   38  197
  21   38  197
  24   36  197
   2   34  197
   2   38  197
  19   51  197
  11   50  198
  19   38  198
  11   38  198
  11   50  198
  19   51  198
  15   46  198
  11   50  198
   2   50  198
   2   50  198
   2   50  198
   4   50  198
   4   51  198
   4   51  198
  11   31  198
   2   38  198
   4   51  198
  24   36  198
  21   38  198
  21   38  198
   4   51  198
   2   50  198
   2   50  198
   2   50  198
   6   51  198
   6   51  198
  11   31  198
   2   51  198
  11   51  198
  11   31  198
  11   31  198
  11   46  198
   2   50  199
  15   50  199
  15   46  199
  11   31  199
  15   46  199
  11   31  199
  11   34  199
  15   46  199
   2   50  199
  11   31  199
  11   51  199
   4   51  199
   4   51  199
   4   50  199
   2   50  199
  11   50  199
  19   51  199
  11   50  199
  11   38  199
  19   38  199
  11   31  199
  21   38  199
  21   38  199
   2   50  199
   2   50  199
   2   51  199
   2   50  199
  24   36  199
   2   34  199
   4   51  199
   2   38  199
   6   51  199
   6   51  199
  19   38  200
  11   51  200
  11   38  200
  15   46  200
  15   46  200
  15   46  200
  11   50  200
   2   50  200
   2   50  200
   2   50  200
   4   51  200
   4   51  200
   4   50  200
  11   51  200
  24   36  200
  21   38  200
  21   38  200
   2   51  200
   2   50  200
   6   51  200
   6   51  200
   2   50  200
   2   51  200
   2   50  200
   2   50  200
   2   38  200
  11   50  200
  11   51  200
  11   50  200
  11   34  200
  11   31  200
  11   34  200
  11   31  200
  11   31  200
  11   31  200
