   6   46  181
   4   36  181
  11   51  181
  11   46  181
  11   51  181
  11   51  181
  11   46  181
   6   51  181
   6   46  181
  15    1  181
   6   46  181
   6    1  181
  46   50  181
   4   46  181
   4   51  181
   1   51  181
   6   50  181
  19   51  181
   4   38  181
   4   15  181
  15   15  181
  46    4  181
   6    1  181
   6   51  181
   6   51  181
  11   51  182
   4   38  182
   4   36  182
   1   51  182
  19   51  182
   6   51  182
  11   51  182
   6    1  182
   6   46  182
   4   51  182
  15    1  182
   6   50  182
   6   46  182
   4    1  182
   3   51  182
   6   51  182
   4   15  182
  46   46  182
   6   51  182
  15   15  182
   6   51  182
  11   51  182
   6    1  183
   6   51  183
   6   46  183
   6   46  183
  15    1  183
   6   46  183
   6   50  183
  46    4  183
   4   51  183
   1   49  183
   4   36  183
   4   38  183
  15   15  183
  46   50  183
   6   51  183
  11   46  183
  11   51  183
   6   51  183
  11   51  183
  11   46  183
   4    1  184
   4   51  184
   1   49  184
   4   36  184
   4   38  184
   3   51  184
   4   51  184
   4   15  184
   4   51  184
  46   50  184
   4   51  184
  15    1  184
   4   46  184
   6   46  184
   6   50  184
   6   46  184
   6    1  184
   6   51  184
   6   46  184
  11   46  184
  11    1  184
  11   51  184
  11   30  184
  11   51  184
   6   51  184
   6   46  184
   6   51  185
   4   51  185
  11   46  185
   6   46  185
   4   46  185
  46   46  185
   4   46  185
  11   51  185
  11   51  185
   6    1  185
  15    1  185
   6   46  185
  46    4  185
  15   15  185
   4   15  185
   3   51  185
   4   51  185
   4   38  185
   4   36  185
  19   51  185
   1   49  185
   4   51  185
   4   51  186
   6   51  186
   4   49  186
  11   51  186
   6   51  186
   6   46  186
  15    1  186
   6    1  186
   6   51  186
  11   51  186
   4   46  186
  46   46  186
   4   46  186
   6   46  186
  11   46  186
   6   51  186
   6   46  186
   6   46  186
  11   30  186
  46    4  186
  15    4  186
   3   51  186
   4   38  186
   4   36  186
   1   49  186
  19   51  186
   4   15  186
  15    1  187
   6    1  187
  11   51  187
   6   50  187
  46   50  187
  11   51  187
   6   51  187
   4   46  187
   4   51  187
   4   46  187
   4   46  187
  46   46  187
   6   46  187
   6   46  187
  11   51  187
   4   49  187
   6   51  187
  11   46  187
  11   30  187
  11   46  187
  19   51  187
   4   51  187
  46    4  187
  15    4  187
   3   51  187
   4   51  187
   4   38  187
   4   36  187
   1   49  187
  19   51  187
   4   15  187
   1   49  188
  11   46  188
  11   51  188
  11   46  188
   6   51  188
   6   51  188
  11   51  188
   6   51  188
   6   46  188
  15    1  188
   6    1  188
   4   46  188
   4   46  188
   6   46  188
  46   46  188
   6   46  188
   6   51  188
  19   51  188
   4   36  188
   4   38  188
   4   51  188
   3   51  188
   4   51  188
   4   15  188
  15   15  188
  46    4  188
   4   51  188
   4   49  188
   4   51  188
   6   46  188
   6   46  189
   6   51  189
   6    1  189
   6   50  189
  11   51  189
  11   51  189
   4   46  189
   4   46  189
   4   46  189
   6   46  189
  46   46  189
   6   46  189
  11   46  189
  11   46  189
   6   51  189
   4   46  189
   6   46  189
   1   49  189
   4   51  189
  15    1  189
  19   51  189
   4   36  189
   4   38  189
   4   51  189
   4   51  189
   4   51  189
   4   15  189
  15   15  189
  46    4  189
   4   51  189
   4   49  189
  34   46  190
  11   51  190
   6   51  190
   4   49  190
   4   51  190
  46    4  190
   4   51  190
   4   38  190
   4   36  190
   1   49  190
   6   51  190
  19   51  190
   4   51  190
   4   46  190
  46   46  190
  46   50  190
   6   46  190
   6   50  190
   6    1  190
  15    1  190
   6   51  190
   4   46  190
  11   51  190
  11    1  190
   6   51  190
  11   51  190
   1   49  191
   6   51  191
   4   46  191
   4   46  191
   4   51  191
   4   46  191
  21   36  191
  21   38  191
   4   51  191
   4   51  191
   3   51  191
  15   15  191
  46    4  191
   4   51  191
   4   49  191
   6   51  191
  46   50  191
  15   46  191
   6   46  191
   6   51  191
  11   46  191
  46   46  191
  11    1  191
   6   51  191
  11   51  191
  11   51  191
  11   51  191
  15    1  191
   6    1  191
   6   51  191
   6   51  192
   4   49  192
   6   51  192
  11   51  192
  11   51  192
   6   46  192
   6    1  192
   6   51  192
   6   51  192
  11   30  192
   6   46  192
  46   46  192
   4   46  192
   6   46  192
   4   46  192
   4   46  192
  11   51  192
  15    1  192
  46   50  192
  11   51  192
   4   51  192
  46    4  192
  15    4  192
   4   15  192
   4   51  192
   4   51  192
  21   38  192
  21   36  192
   1   49  192
   4   51  192
  15    1  193
   6   46  193
   6   51  193
  11   51  193
  34   46  193
   6   46  193
   6   51  193
   6   51  193
  11   51  193
   6   50  193
  21   36  193
   4   46  193
   4   49  193
   4   51  193
  46    4  193
  15    4  193
   3   51  193
   4   51  193
  21   38  193
  19   51  193
   4   51  193
   1   49  193
   4   51  193
   4   46  193
   4   46  193
   4   46  193
  46   46  193
  46   50  193
   6   51  194
  11   51  194
  11   46  194
  11   51  194
   6   46  194
  15    1  194
   6   50  194
  46   50  194
   6   46  194
   6   51  194
   4   46  194
   4   46  194
   4   46  194
  11   51  194
  46   46  194
  34   46  194
   6   51  194
   6   51  194
   4   49  194
  46    4  194
  15   15  194
   3   51  194
   4   51  194
   4   51  194
  21   38  194
  21   36  194
   1   49  194
   4   51  194
   4   51  194
   6   51  195
   4   51  195
   6    1  195
   6   50  195
   4   46  195
  46   46  195
   4   46  195
   4   46  195
   4   46  195
   4   51  195
  21   38  195
  19   51  195
   1   49  195
  21   36  195
   4   51  195
   3   51  195
  15   15  195
   4   51  195
   4   49  195
   6   51  195
   6   46  195
  46    4  195
  11   51  195
  34   46  195
   9   46  195
   6   51  195
   6   51  195
  11   51  195
   4   51  196
   4   46  196
   4   46  196
   4   46  196
  46   46  196
  46   50  196
   6   50  196
   6   46  196
   6   46  196
   6   51  196
   6   46  196
   6   51  196
  34   46  196
   4   46  196
  15    1  196
   1   49  196
  11   51  196
   6   51  196
  11   51  196
   9   30  196
  26   51  196
   6    1  196
  21   36  196
  21   38  196
   4   51  196
   3   51  196
   4   15  196
  15    4  196
  46    4  196
   4   51  196
   4   49  196
  19   51  196
  34   46  197
   4   49  197
   4   51  197
  46   50  197
   4   51  197
  11   51  197
   6    1  197
   6   46  197
   6    1  197
  15    1  197
  11   51  197
   6   51  197
   6   51  197
   4    1  197
   4   46  197
   4   46  197
   4   46  197
  46   46  197
   6   46  197
   4   46  197
  11   46  197
   6   51  197
   6   51  197
  15    4  197
   3   51  197
  21   38  197
  21   36  197
   1   49  197
  19   51  197
   4   51  197
   6   46  197
   9   30  198
   6   51  198
   6   51  198
  34   46  198
   6   46  198
   6   46  198
   6   46  198
   4   46  198
  46   46  198
  46   50  198
   4   46  198
   4   46  198
   4   46  198
  11   51  198
   4   51  198
   4   51  198
   1   49  198
  21   36  198
  21   38  198
   4   51  198
   4   51  198
   3   51  198
   3   51  198
   4   51  198
   4   49  198
   9   51  198
  15    4  198
   9   30  198
   6   51  198
  11   51  198
   6    1  198
  46   50  199
   6   50  199
   6    1  199
  11   51  199
   6   46  199
   6   51  199
   6   51  199
  15    1  199
  46   46  199
  11   51  199
   4    1  199
   4   51  199
   4   46  199
   4   46  199
   4   46  199
   9   30  199
   6   46  199
  34   46  199
   6   51  199
   6   51  199
   9   51  199
  21   36  199
  21   38  199
   4   51  199
   3   51  199
  15    4  199
  46    4  199
   1   49  199
  19   51  199
   4   51  199
   4   51  199
   4   49  199
   4   51  199
   6   51  200
   6   46  200
   6   51  200
  15    1  200
   6   46  200
   6    1  200
   6   46  200
   4   46  200
  46   50  200
  46   46  200
   4   46  200
   4   46  200
   4   46  200
   4    1  200
   1   49  200
  21   36  200
  21   38  200
   4   51  200
   4   51  200
   4   49  200
   4   51  200
  46    4  200
  15    4  200
   3   51  200
   3   51  200
   4   51  200
  34   46  200
  11    1  200
   9   30  200
   6   51  200
  11   51  200
  11   51  200
  11   51  200
   9   51  200
   6   51  200
