  19   38  181
  21   38  181
  11   31  181
  11   37  181
  11   31  181
  11   31  181
  23   37  181
  19   38  181
  19   40  181
  15   45  181
  16   46  181
  16   45  181
  14   50  181
   6   51  181
  19   40  181
  24   36  181
  14   46  181
   9   34  181
  21   38  181
  17   43  181
  23   35  181
   2   50  181
  20   45  181
  20   38  181
  11   31  181
  11   31  182
  21   38  182
  21   38  182
  24   36  182
   9   34  182
  19   38  182
  11   31  182
  16   45  182
  19   40  182
  19   40  182
  15   45  182
  16   50  182
  16   46  182
   6   44  182
   2   50  182
  11   31  182
  17   43  182
  19   40  182
  11   31  182
  23   35  182
  19   38  182
  11   31  182
  16   45  183
  19   38  183
  19   38  183
  19   40  183
  15   45  183
  16   46  183
  16   50  183
   2   50  183
  19   40  183
  24   36  183
  21   38  183
  21   38  183
  23   35  183
  14   50  183
  20   38  183
  11   37  183
  11   31  183
  11   31  183
  11   31  183
  23   37  183
   6   44  184
  19   40  184
  24   36  184
  21   38  184
  21   38  184
   2   50  184
   6   44  184
  17   43  184
   6   51  184
  14   50  184
   2   50  184
  15   45  184
   2   50  184
  19   40  184
  16   50  184
  16   46  184
  16   45  184
  19   38  184
  19   38  184
  23   37  184
  11   36  184
  11   31  184
  11   35  184
  11   31  184
  20   38  184
   2   50  184
  19   38  185
   6   51  185
  11   37  185
  19   38  185
   2   50  185
  14   50  185
   6   51  185
  11   31  185
  11   31  185
  16   45  185
  15   45  185
  19   40  185
   2   50  185
  23   35  185
  17   43  185
   2   50  185
   2   50  185
  21   38  185
  21   38  185
   9   34  185
  24   36  185
  19   40  185
   6   51  186
  11   31  186
   6   51  186
  11   31  186
  20   38  186
  16   46  186
  15   45  186
  16   45  186
  11   31  186
  11   31  186
   2   50  186
  14   50  186
   6   50  186
  19   38  186
  23   37  186
  19   38  186
  19   40  186
   2   50  186
  11   35  186
   2   50  186
  23   43  186
   2   50  186
  21   38  186
  21   38  186
  24   36  186
   9   34  186
  17   43  186
  15   45  187
  16   45  187
  11   31  187
  16   50  187
  14   50  187
  11   31  187
  11   31  187
   6   50  187
   6   51  187
   6   51  187
   2   50  187
  14   50  187
  16   46  187
  19   38  187
  11   31  187
   6   51  187
  19   38  187
  23   37  187
  11   35  187
  23   37  187
  23   43  187
   6   51  187
   2   50  187
  23   43  187
   2   50  187
   2   50  187
  21   38  187
  21   38  187
  24   36  187
   9   34  187
  17   43  187
  24   36  188
  23   37  188
  11   31  188
  11   37  188
  11   31  188
  11   31  188
  11   31  188
  20   38  188
  16   46  188
  15   45  188
  16   45  188
   6   51  188
   6   50  188
   2   50  188
  14   50  188
  19   38  188
  19   38  188
   9   34  188
  21   38  188
  21   38  188
   2   50  188
   2   50  188
   6   51  188
  17   43  188
  23   35  188
   2   50  188
   6   51  188
   6   51  188
  19   40  188
  19   40  188
  19   40  189
  19   38  189
  16   45  189
  16   50  189
  11   31  189
  11   31  189
   6   51  189
   6   51  189
   6   50  189
   2   50  189
  14   50  189
  19   38  189
  23   37  189
  11   37  189
  19   38  189
   2   50  189
  16   46  189
  24   36  189
  19   40  189
  15   45  189
   9   34  189
  21   38  189
  21   38  189
  19   40  189
   2   50  189
   6   51  189
  17   43  189
  23   35  189
   2   50  189
   6   51  189
   6   51  189
  23   37  190
  11   31  190
  19   38  190
   6   51  190
   6   51  190
   2   50  190
   2   50  190
  21   38  190
  21   38  190
  24   36  190
  19   38  190
   9   34  190
   6   51  190
   6   51  190
  14   50  190
  14   50  190
   2   50  190
  16   50  190
  16   45  190
  15   45  190
  11   31  190
   2   50  190
  11   31  190
  11   36  190
  11   31  190
  11   31  190
  24   36  191
  11   31  191
   6   51  191
   6   51  191
  19   40  191
   6   50  191
  21   38  191
  21   38  191
  19   40  191
   2   50  191
   2   50  191
  23   35  191
   2   50  191
   6   51  191
   6   51  191
  13   33  191
  14   50  191
  15   51  191
   2   50  191
  19   38  191
  11   37  191
  14   50  191
  11   36  191
  11   31  191
  11   31  191
  11   31  191
  11   31  191
  15   45  191
  16   45  191
  19   38  191
  19   38  192
   6   51  192
  11   31  192
  11   31  192
  11   31  192
  16   46  192
  16   45  192
  20   38  192
  19   38  192
  11   35  192
  19   38  192
  14   50  192
   2   50  192
   2   50  192
   6   50  192
   6   51  192
  11   31  192
  15   45  192
  14   50  192
  11   31  192
   6   51  192
   2   50  192
  23   43  192
  17   43  192
   2   50  192
  19   40  192
  21   38  192
  21   38  192
  24   36  192
  19   40  192
  15   45  193
  16   46  193
  11   31  193
  11   31  193
  23   37  193
  19   38  193
  19   38  193
  19   38  193
  11   31  193
  16   50  193
  21   38  193
   2   50  193
   6   51  193
   6   51  193
   2   50  193
  23   43  193
   2   50  193
   2   50  193
  21   38  193
   9   34  193
   8   31  193
  24   36  193
  19   40  193
   6   51  193
   6   50  193
   6   51  193
  14   50  193
  14   50  193
  11   31  194
  11   31  194
  11   37  194
  11   31  194
  16   46  194
  15   45  194
  16   50  194
  14   50  194
   2   50  194
  11   31  194
   6   51  194
   6   50  194
   2   50  194
  11   31  194
  14   50  194
  23   37  194
  19   38  194
  19   38  194
   6   51  194
   2   50  194
  23   35  194
   2   50  194
   2   50  194
  19   40  194
  21   38  194
  21   38  194
  24   36  194
   6   51  194
  19   40  194
  19   38  195
   6   51  195
  16   45  195
  16   50  195
   2   50  195
  14   50  195
   6   50  195
   6   51  195
   6   51  195
  19   40  195
  21   38  195
   9   34  195
  24   36  195
  21   38  195
   2   50  195
   2   50  195
  23   35  195
   6   51  195
   6   51  195
  19   38  195
  19   38  195
   2   50  195
  11   31  195
  23   37  195
  11   37  195
  11   31  195
  11   31  195
  11   31  195
  19   40  196
   6   50  196
   6   51  196
   6   51  196
  14   50  196
  14   50  196
  16   50  196
   2   50  196
  16   46  196
  19   38  196
  19   38  196
  19   38  196
  23   37  196
   2   50  196
  15   45  196
  24   36  196
  11   31  196
  11   31  196
  11   31  196
  11   35  196
   6   31  196
  20   45  196
  21   38  196
  21   38  196
   2   50  196
   2   50  196
  17   43  196
  23   43  196
   2   50  196
   6   51  196
   6   51  196
   9   34  196
  23   37  197
   6   51  197
   6   51  197
  14   50  197
   6   51  197
  11   31  197
  20   45  197
  16   46  197
  16   45  197
  15   45  197
  11   31  197
  11   31  197
  11   31  197
   8   44  197
   6   51  197
   6   51  197
   6   50  197
  14   50  197
   2   50  197
   2   50  197
  11   38  197
  19   38  197
  19   38  197
  23   43  197
   2   50  197
  21   38  197
  21   38  197
  24   36  197
   9   34  197
  19   40  197
  19   38  197
  11   27  198
  19   38  198
  19   38  198
  23   37  198
  19   38  198
  16   46  198
   2   50  198
   2   50  198
  14   50  198
  14   50  198
   6   50  198
   6   51  198
   6   51  198
  11   31  198
  19   40  198
   8   31  198
  24   36  198
  21   38  198
  21   38  198
   8   31  198
   2   50  198
   2   50  198
   2   50  198
   6   51  198
   6   51  198
  11   31  198
  23   43  198
  11   35  198
  11   31  198
  11   31  198
  20   45  198
  14   50  199
  16   50  199
  16   45  199
  11   31  199
  16   46  199
  11   31  199
  11   31  199
  15   45  199
  14   50  199
  11   31  199
   8   44  199
   6   51  199
   6   51  199
   6   50  199
   2   50  199
  11   27  199
  19   38  199
  23   37  199
  19   38  199
  19   38  199
  11   31  199
  21   38  199
  21   38  199
   2   50  199
   2   50  199
  23   43  199
   2   50  199
  24   36  199
   9   34  199
   8   31  199
  19   40  199
   6   51  199
   6   51  199
  19   38  200
  19   40  200
  19   38  200
  15   45  200
  16   46  200
  16   45  200
   2   50  200
   2   50  200
  14   50  200
  14   50  200
   6   51  200
   6   51  200
   6   50  200
   8   44  200
  24   36  200
  21   38  200
  21   38  200
  19   40  200
   2   50  200
   6   51  200
   6   51  200
   2   50  200
  23   43  200
   2   50  200
   2   50  200
  19   40  200
  23   37  200
  11   36  200
  11   27  200
  11   31  200
  11   31  200
  11   31  200
  11   31  200
  11   31  200
  11   31  200
