  19   38  181
  21   38  181
  11   31  181
  11   37  181
  11   31  181
  11   31  181
  23   37  181
  19   38  181
  19   41  181
  15   46  181
  16   46  181
  16   46  181
   3   46  181
   4   51  181
  19   40  181
  24   36  181
  14   50  181
   9   34  181
  21   38  181
  17   43  181
  23   35  181
   2   50  181
  15   46  181
  15   38  181
  11   31  181
  11   31  182
  21   38  182
  21   38  182
  24   36  182
   9   34  182
  19   38  182
  11   31  182
  16   46  182
  19   41  182
  19   40  182
  15   46  182
  16   46  182
  16   46  182
   4   53  182
   2   50  182
  11   31  182
  17   43  182
  19   41  182
  11   34  182
  23   35  182
  19   38  182
  11   31  182
  16   46  183
  19   38  183
  19   38  183
  19   41  183
  15   46  183
  16   46  183
  16   46  183
   2   50  183
  19   40  183
  24   36  183
  21   38  183
  21   38  183
  23   35  183
   3   46  183
  15   38  183
  11   37  183
  11   31  183
  11   31  183
  11   31  183
  23   37  183
   4   53  184
  19   40  184
  24   36  184
  21   38  184
  21   38  184
   2   50  184
   1   53  184
  17   43  184
   7   51  184
   3   46  184
   2   50  184
  15   46  184
   2   50  184
  19   41  184
  16   46  184
  16   46  184
  16   46  184
  19   38  184
  19   38  184
  23   37  184
  11   36  184
  11   31  184
  11   35  184
  11   31  184
  15   38  184
   2   50  184
  19   38  185
   7   51  185
  11   37  185
  19   38  185
   2   50  185
   3   50  185
   4   51  185
  11   31  185
  11   31  185
  16   46  185
  15   46  185
  19   41  185
   2   50  185
  23   35  185
  17   43  185
   2   50  185
   2   50  185
  21   38  185
  21   38  185
   9   34  185
  24   36  185
  19   40  185
   7   51  186
  11   34  186
   7   51  186
  11   31  186
  15   38  186
  16   46  186
  15   46  186
  16   46  186
  11   31  186
  11   31  186
   2   50  186
   3   50  186
   4   50  186
  19   38  186
  23   37  186
  19   38  186
  19   41  186
   2   50  186
  11   35  186
   2   50  186
  23   43  186
   2   50  186
  21   38  186
  21   38  186
  24   36  186
   9   34  186
  17   43  186
  15   46  187
  16   46  187
  11   31  187
  16   46  187
   3   46  187
  11   31  187
  11   31  187
   4   50  187
   4   51  187
   4   51  187
   2   50  187
   3   50  187
  16   46  187
  19   38  187
  11   31  187
   7   51  187
  19   38  187
  23   37  187
  11   35  187
  23   37  187
  23   32  187
   7   51  187
   2   50  187
  23   43  187
   2   50  187
   2   50  187
  21   38  187
  21   38  187
  24   36  187
   9   34  187
  17   43  187
  24   36  188
  23   37  188
  11   31  188
  11   37  188
  11   31  188
  11   34  188
  11   31  188
  15   38  188
  16   46  188
  15   46  188
  16   46  188
   4   51  188
   4   50  188
   2   50  188
   3   50  188
  19   38  188
  19   38  188
   9   34  188
  21   38  188
  21   38  188
   2   50  188
   2   50  188
   1   51  188
  17   43  188
  23   35  188
   2   50  188
   7   51  188
   7   51  188
  19   40  188
  19   41  188
  19   41  189
  19   38  189
  16   46  189
  16   46  189
  11   31  189
  11   31  189
   4   51  189
   4   51  189
   4   50  189
   2   50  189
   3   50  189
  19   38  189
  23   37  189
  11   37  189
  19   38  189
   2   50  189
  16   46  189
  24   36  189
  19   40  189
  15   46  189
   9   34  189
  21   38  189
  21   38  189
  19   40  189
   2   50  189
   1   51  189
  17   43  189
  23   35  189
   2   50  189
   7   51  189
   7   51  189
  23   37  190
  11   31  190
  19   38  190
   7   51  190
   7   51  190
   2   50  190
   2   50  190
  21   38  190
  21   38  190
  24   36  190
  19   38  190
   9   34  190
   4   51  190
   4   51  190
   3   50  190
   3   46  190
   2   50  190
  16   46  190
  16   46  190
  15   46  190
  11   31  190
   2   50  190
  11   31  190
  11   36  190
  11   34  190
  11   31  190
  24   36  191
  11   31  191
   4   51  191
   4   51  191
  19   40  191
   4   50  191
  21   38  191
  21   38  191
  19   40  191
   2   50  191
   2   50  191
  23   35  191
   2   50  191
   7   51  191
   7   51  191
   2   34  191
   3   46  191
  15   51  191
   2   50  191
  19   38  191
  11   37  191
   3   50  191
  11   36  191
  11   34  191
  11   34  191
  11   31  191
  11   31  191
  15   46  191
  16   46  191
  19   38  191
  19   38  192
   7   51  192
  11   31  192
  11   31  192
  11   34  192
  16   46  192
  16   46  192
  15   38  192
  19   38  192
  11   35  192
  19   38  192
   3   50  192
   2   50  192
   2   50  192
   4   50  192
   4   51  192
  11   31  192
  15   46  192
   3   46  192
  11   31  192
   7   51  192
   2   50  192
  23   43  192
  17   43  192
   2   50  192
  19   40  192
  21   38  192
  21   38  192
  24   36  192
  19   40  192
  15   46  193
  16   46  193
  11   31  193
  11   31  193
  23   37  193
  19   38  193
  19   38  193
  19   38  193
  11   31  193
  16   46  193
  21   38  193
   2   50  193
   7   51  193
   7   51  193
   2   50  193
  23   43  193
   2   50  193
   2   50  193
  21   38  193
   9   34  193
   4   44  193
  24   36  193
  19   40  193
   4   51  193
   4   50  193
   4   51  193
   3   50  193
   3   46  193
  11   31  194
  11   31  194
  11   37  194
  11   31  194
  16   46  194
  15   46  194
  16   46  194
   3   46  194
   2   50  194
  11   34  194
   4   51  194
   4   50  194
   2   50  194
  11   31  194
   3   50  194
  23   37  194
  19   38  194
  19   38  194
   7   51  194
   2   50  194
  23   35  194
   2   50  194
   2   50  194
  19   40  194
  21   38  194
  21   38  194
  24   36  194
   7   51  194
  19   40  194
  19   38  195
   4   51  195
  16   46  195
  16   46  195
   2   50  195
   3   50  195
   4   50  195
   4   51  195
   4   51  195
  19   40  195
  21   38  195
   9   34  195
  24   36  195
  21   38  195
   2   50  195
   2   50  195
  23   35  195
   7   51  195
   7   51  195
  19   38  195
  19   38  195
   2   50  195
  11   31  195
  23   37  195
  11   37  195
  11   34  195
  11   31  195
  11   31  195
  19   40  196
   4   50  196
   4   51  196
   4   51  196
   3   50  196
   3   46  196
  16   46  196
   2   50  196
  16   46  196
  19   38  196
  19   38  196
  19   38  196
  23   37  196
   2   50  196
  15   46  196
  24   36  196
  11   31  196
  11   31  196
  11   31  196
  11   35  196
   6   44  196
  15   46  196
  21   38  196
  21   38  196
   2   50  196
   2   50  196
  17   43  196
  23   43  196
   2   50  196
   7   51  196
   7   51  196
   9   34  196
  23   37  197
   7   51  197
   7   51  197
   3   46  197
   1   51  197
  11   31  197
  15   46  197
  16   46  197
  16   46  197
  15   46  197
  11   31  197
  11   31  197
  11   34  197
   8   53  197
   4   51  197
   4   51  197
   4   50  197
   3   50  197
   2   50  197
   2   50  197
  11   38  197
  19   38  197
  19   38  197
  23   43  197
   2   50  197
  21   38  197
  21   38  197
  24   36  197
   9   34  197
  19   40  197
  19   38  197
  11   36  198
  19   38  198
  19   38  198
  23   37  198
  19   38  198
  16   46  198
   2   50  198
   2   50  198
   3   50  198
   3   46  198
   4   50  198
   4   51  198
   4   51  198
  11   31  198
  19   40  198
   4   44  198
  24   36  198
  21   38  198
  21   38  198
   4   31  198
   2   50  198
   2   50  198
   2   51  198
   7   51  198
   7   51  198
  11   31  198
  23   43  198
  11   35  198
  11   31  198
  11   31  198
  15   46  198
   3   46  199
  16   46  199
  16   46  199
  11   31  199
  16   46  199
  11   31  199
  11   34  199
  15   46  199
   3   50  199
  11   31  199
   8   53  199
   4   51  199
   4   51  199
   4   50  199
   2   50  199
  11   36  199
  19   38  199
  23   37  199
  19   38  199
  19   38  199
  11   31  199
  21   38  199
  21   38  199
   2   50  199
   2   50  199
  23   43  199
   2   50  199
  24   36  199
   9   34  199
   4   44  199
  19   40  199
   7   51  199
   7   51  199
  19   38  200
  19   41  200
  19   38  200
  15   46  200
  16   46  200
  16   46  200
   2   50  200
   2   50  200
   3   46  200
   3   50  200
   4   51  200
   4   51  200
   4   50  200
   8   53  200
  24   36  200
  21   38  200
  21   38  200
  19   40  200
   2   50  200
   7   51  200
   7   51  200
   2   50  200
  23   43  200
   2   51  200
   2   50  200
  19   40  200
  23   37  200
  11   36  200
  11   36  200
  11   34  200
  11   31  200
  11   34  200
  11   31  200
  11   31  200
  11   31  200
